15539
12047
11321
14136
10521
9706
10545
9785
9911
10404
9359
9207
10164
9467
10352
9746
10620
9582
9822
9479
9437
10481
9326
9502
9479
9885
9852
9408
10102
10414
10056
9248
10679
9637
9879
9309
9499
10093
10240
9516
9835
10089
9208
9435
10312
9278
10147
9278
9341
9924
9864
9238
9348
10578
9454
9498
9897
9443
10634
9587
10791
9540
9946
10589
9420
10336
9378
9439
10655
9309
10060
9356
9405
10462
9175
9219
10402
9386
10067
9341
9367
10449
9270
9068
10406
9507
10266
9237
9916
9235
10426
9240
10492
10004
9382
9161
9558
10804
9539
9336
10589
9540
10228
9285
9543
10800
9466
9428
9464
10416
9863
9177
10777
9687
10681
9458
9714
10976
9940
9412
10314
9607
10683
9582
11671
10555
10052
9970
10136
9661
10861
9720
10778
9906
10091
9361
9600
10902
9656
9518
9454
10638
10381
9510
10665
9699
10598
9588
10601
10434
9500
9580
9649
10008
10415
9549
10568
9910
10418
9642
9296
10706
9537
9525
10459
9610
10468
9278
9349
10272
10601
9408
10951
9618
10654
9589
10128
10664
9461
9531
10368
9254
10532
9520
9339
10458
9692
9490
9311
11932
10728
9492
9856
10494
9725
9391
10037
9417
10251
9516
9275
10613
9606
9499
9426
10073
10121
9533
10387
11169
9548
9422
10208
9395
10006
9498
9261
9561
10045
9201
11257
10359
9019
9222
9238
10846
9635
9460
10009
9588
10485
9494
10588
9709
9825
9287
9339
10202
10303
9306
10666
9473
10650
9425
10123
10035
9850
9579
9267
10706
9525
9398
9851
9603
10639
9492
10726
9504
10041
9265
9600
10567
9491
9481
9256
9748
10311
9505
10348
10059
9515
9523
9120
10469
9476
9400
10097
9240
10798
9769
9960
9787
9464
9404
10309
9252
10932
10465
9869
9797
9380
9270
9557
10248
9997
9218
10509
9528
10506
9276
10168
9822
9760
9339
9180
10512
9292
9037
9421
10436
9942
9179
10647
9784
10367
9293
9535
9904
10133
9356
10579
9989
10333
9408
9338
10526
9638
9201
10376
9530
9845
9280
9329
10753
9870
9525
10126
9791
10731
9971
10740
10060
9491
9677
9715
10672
9698
9713
11906
10759
10752
9660
9719
10809
9901
9427
9649
10032
10659
9646
10058
10281
9473
9408
9524
10685
9998
9486
10414
9704
10080
9592
9520
10846
9531
9640
9482
10258
10450
9465
11046
9696
10443
9598
9560
10561
9452
9478
10222
9417
10693
9546
10278
10227
9535
9529
10416
9454
10681
9534
9386
10079
10500
9535
10217
10054
9537
9348
9576
10563
10102
9283
9996
9457
10516
9758
10665
9548
10202
9574
9555
10622
9614
9483
9618
10221
9915
9497
10799
9594
10525
9802
9859
9594
9077
9264
9354
10184
9206
9317
9655
9149
10098
9411
10242
10105
10099
9434
12728
10437
9564
10231
9896
9278
10361
9557
10651
9439
9681
9325
9456
10368
9409
9391
9343
9759
9915
9317
10331
9613
9998
9424
9106
10507
9390
9305
9869
9412
10384
9314
9127
10665
9613
9266
10341
9515
10186
9392
9222
10597
9385
9199
9859
9457
10321
9472
9923
10053
9366
9284
10104
9169
10483
9406
9061
10178
10278
9265
10623
10052
10360
9314
9948
9148
10230
9493
10544
9440
10177
9438
9142
10201
9152
9292
9206
9792
10210
9594
9819
10149
9240
9146
10036
9397
10352
9292
10521
9665
10171
9392
9434
10365
9898
9266
10540
10182
9387
9305
10378
9419
10022
9209
9426
10189
10536
9639
10784
9909
10841
9755
10711
10399
9623
9511
9689
10706
9855
9517
10672
9743
10649
9594
9708
10486
9976
11919
9877
10003
12070
10907
10991
9633
10542
10047
10489
10071
9545
9475
9674
10395
10063
9633
10783
9851
10475
9811
10569
10198
9392
9618
9511
10477
9909
9527
9992
9354
10718
9658
10668
9719
10388
9305
9444
10621
9747
9337
10106
9591
10297
9438
9357
10657
10215
9619
10145
10387
9533
9577
9679
10070
10034
9602
9955
10418
9591
9554
10304
9602
10768
9850
10352
10025
9542
9586
9550
10488
9635
9635
9571
9058
10369
9507
10343
9284
10139
9351
9140
10597
9209
9250
9330
9758
9140
9250
9552
9365
10476
9686
11219
10307
9336
9529
9461
12404
10960
9423
10221
9397
10565
9564
9918
9755
9444
9351
9290
10604
9683
9467
9512
9147
10650
9580
10419
9618
10384
9540
9218
10537
9649
9368
10278
9552
10732
9801
10034
9559
9342
9387
9586
10469
10418
9298
10192
9743
9928
9204
10594
9641
10410
9347
10585
9172
10125
9114
9551
10486
9667
9511
9157
9871
10273
9380
10680
10511
13243
9440
9401
10538
9396
9081
10117
9394
10486
9450
10929
9684
10071
9381
9562
10049
10547
9460
9971
10620
9664
9445
9894
9555
10348
9383
10673
9898
9994
9381
10720
9658
9787
9299
9492
10767
9501
9204
10116
9335
10677
9820
10027
10188
9455
9556
10424
9468
9585
9373
11776
11449
9722
9270
9465
10838
9433
9205
9488
9432
10080
9208
10656
10440
9734
9409
10474
9597
10877
10873
10229
9863
9592
9328
9307
10380
9629
9277
9289
10205
10077
9458
10399
9386
10086
9404
9259
9890
10132
9410
10452
9502
10433
9383
9264
10647
9770
9363
10077
9154
9881
9453
9239
10056
9997
9186
10597
9319
10396
9825
10167
10061
9244
9378
9435
10234
9434
9397
9983
9265
10439
9619
10678
9465
10146
9418
9398
10576
9692
9434
9075
10157
8969
9147
9208
9894
9746
9185
10427
9100
10208
9175
9938
9484
8894
9074
8994
10224
9064
9094
9577
9284
10073
9490
9783
10066
9059
9169
10614
10732
10191
9296
10551
10318
11577
9421
9336
10079
9299
9164
9193
9533
9842
9110
9727
10292
9142
9085
9723
9249
10351
9264
10600
9547
10443
9256
9213
10496
9265
9212
9063
10282
9743
9199
10153
9426
10200
9407
9646
10497
9385
9181
9717
9232
10096
9181
10401
10228
9135
9276
9736
9029
9671
9175
9278
10182
9995
9245
10264
8897
9867
9227
9239
11450
10835
9228
9324
9994
9617
9329
10473
9375
10294
9019
9226
10397
9788
9164
9209
9822
10445
9271
10201
10152
9425
9007
9622
9234
10366
9342
10485
9452
10021
9003
9119
10277
9727
9098
9635
10327
9110
9699
10417
9832
10202
9530
