13454
9447
9218
8996
9078
9337
9338
9058
9279
9034
9156
9413
9565
9063
9548
9218
9059
9385
9009
9089
9353
9157
9099
9404
9138
9113
9427
9497
9539
9319
9354
8922
9281
8966
9151
9153
9358
9368
9452
9219
9190
9261
8936
9090
9165
9371
9070
9343
9037
8922
9337
9407
9407
9367
9301
9124
9368
8983
8930
9365
9276
9202
9458
9306
9385
9285
9496
9194
9680
9340
8921
9203
9125
9219
9179
9272
9088
9304
9399
9322
9342
9231
9302
9226
9049
9158
9341
9465
9095
9223
9483
8941
9447
9646
9444
9559
9276
9205
9564
9292
9252
9548
9450
9094
9456
9614
9261
9728
9476
9103
9513
9314
9452
9581
9327
9332
9670
9685
9410
9388
9412
9418
9820
9367
9181
9326
9392
9269
9631
9238
9147
9608
9509
9429
9468
9542
9071
9355
9451
9287
9507
9276
9327
9406
9288
9234
9595
9528
9469
9481
9101
9193
9279
9163
9089
9352
9591
9182
9485
9615
9433
9456
9643
9159
9436
9349
9183
9636
9317
9480
9590
9344
9365
9681
9413
9282
9531
9148
9126
9296
9217
9460
9613
9288
9223
9452
9619
9458
9570
9737
9332
9565
9466
9059
9618
9457
9325
9689
9573
9221
9742
9400
9509
9481
9427
9455
9686
9441
9242
9616
9626
9421
9744
9511
9300
9664
9514
9204
9140
9158
9159
9149
9365
9147
9421
9324
8948
9210
9200
9159
9118
9374
8834
9199
9308
8873
9442
9198
9397
9373
9118
9422
9324
9288
8973
9348
9110
9126
9281
9044
8946
9238
9230
8990
9350
9453
9371
9267
9204
8986
9300
9417
9057
9520
9368
9389
9379
9155
9496
9390
9642
9104
9203
9273
8868
9264
9416
9203
9555
9579
9225
9500
9514
9192
9154
9373
9215
9464
9245
9068
9200
9124
9292
9560
9494
9549
9542
9442
9062
9247
9233
9139
9384
9151
9218
9503
9385
9181
9601
9600
9537
9394
9393
9419
9630
9371
9638
9411
9600
9193
9509
9587
9465
9643
9373
9098
9566
9405
9496
9454
9625
9616
9404
9375
9447
9696
9355
9245
9258
9117
9205
9430
9170
9262
9490
9429
9181
9506
9333
9543
9515
9223
9186
9499
9291
9610
9334
9446
9088
9479
9555
9518
9408
9444
9618
9471
9276
9245
9475
9362
9022
9582
9353
9369
9670
9689
9228
9507
9324
8918
9325
9381
9189
9646
9474
9257
9562
9321
9393
9741
9603
9586
9426
9122
9050
9395
9244
9109
9385
9507
9352
9374
9605
9311
9596
9281
9366
9359
9461
9342
9601
9351
9494
9589
9455
9454
9512
9501
9601
9558
9397
9511
9598
9470
9235
9420
9687
9611
9602
9788
9571
9561
8985
9133
9049
8974
9054
9397
9320
9098
9411
9146
8944
9276
9587
9075
9412
8960
9024
9058
9312
8984
9296
9532
9375
9330
9476
9420
9372
8982
8989
9205
9102
9112
9169
9223
9197
9227
9369
9152
9571
9288
8840
9255
9110
9183
9138
9181
9087
9237
9108
8993
9534
9381
9210
9640
9284
8945
9330
9118
9088
9431
9314
9447
9503
9417
9353
9330
9493
9141
9465
9195
9064
9225
9266
9055
9475
9149
9267
9379
9500
9305
9592
9246
8886
9381
9290
9102
9321
9278
9155
9469
9209
9101
9523
9610
9329
9438
9410
9248
9364
9610
9544
9605
9532
9211
9515
9574
9284
9677
9146
8946
9270
9489
9249
9388
9624
9249
9493
9692
9301
9810
9620
9360
9344
9401
9268
9425
9250
9051
9373
9536
9408
9699
9405
9597
9398
9490
9311
9312
9622
9449
9474
9316
9465
9535
9442
9353
9412
9341
8894
9375
9127
9156
9528
9215
9057
9451
9464
9406
9494
9345
9168
9147
9256
8980
9538
9284
9453
9320
9540
9466
9652
9656
9402
9714
9493
8977
9451
9263
9146
9240
9416
9465
9372
9556
9319
9578
9443
9346
9269
9351
9416
9293
9449
9139
9622
9406
9415
9708
9467
9360
9616
9376
9257
9312
9338
9323
9421
9651
9270
9490
9654
9330
9771
9823
9295
9301
9217
9062
9144
9019
9250
9497
9503
9373
9195
9122
9080
9306
8954
9076
9375
9445
8949
9110
9393
9200
9387
9443
9423
9350
9131
8835
9211
9202
9113
9470
9281
9157
9125
9138
9152
9386
9404
9259
9420
9192
9172
9150
9278
9024
9228
9409
9459
9501
9390
9383
9536
9224
9094
9157
9052
9189
9181
9219
8901
9459
9497
9296
9577
9316
9324
9561
9313
8905
9337
9185
9436
9452
9453
9171
9196
9341
9134
9651
9282
9092
9204
9162
9089
9153
9291
9251
9342
9426
8953
9330
9620
9156
9574
9316
9310
9538
9306
9282
9468
9376
9565
9462
9854
9390
9664
9450
9572
9550
9286
9475
9528
9500
9587
9382
9501
9599
9431
9421
9572
9610
9275
9178
9352
9201
9065
9544
9395
9135
9678
9524
9415
9474
9313
9067
9279
9203
9213
9364
9491
9475
9519
9691
9353
9455
9380
9366
9671
9251
9208
9527
9319
9280
9503
9170
9216
9372
9604
9294
9543
9592
9131
9488
9479
8941
9372
9620
9454
9673
9542
9483
9613
9566
9352
9593
9133
9228
9264
9111
9251
9257
9291
9223
9680
9388
9461
9658
9636
9164
9361
9301
9373
9345
9386
9492
9447
9409
9323
9597
9438
9270
9551
9226
9157
9586
9514
9325
9460
9402
9425
9696
9485
9596
9718
9669
9326
9380
9186
9106
9140
9171
8979
9396
9350
9127
9443
9065
9142
9136
9263
8919
9150
9091
9088
9063
9164
9024
9393
9352
9370
9432
9594
9087
8993
9207
9259
9139
9162
9220
9183
9092
9130
9241
9493
9229
9375
9075
9289
9276
9263
8967
9460
9343
9164
9556
9183
9237
9312
9291
9132
9486
9107
8972
9335
9046
9013
9384
9451
9475
9489
9379
9389
9280
9254
9063
9243
9380
9091
9328
9444
9164
9563
9221
9367
9594
9469
9040
9161
9247
9112
9378
9444
9019
9440
9612
9315
9460
9289
9337
9460
9392
9297
9433
9292
9333
9662
9378
9534
9582
9464
9268
9748
9497
9060
9516
9121
9304
9340
9412
9522
9747
9510
9387
9732
9679
9637
9464
9388
9403
9527
9435
9452
9308
9458
9364
9766
9598
9429
9769
9681
9308
9227
9277
