14500
10776
10530
10758
10696
10933
10585
10779
10494
10626
10593
10779
11551
10687
10788
10760
10435
10954
10764
10370
10714
10371
10730
10514
10532
10365
10859
10476
10742
10609
10810
10681
10908
10337
10711
10456
11043
10597
10752
10561
10641
10494
10909
10252
10510
10606
10528
10936
10552
10518
10788
10640
10407
10982
10729
10781
10632
10918
10529
10699
10763
10924
10759
11043
10365
10723
10877
10952
10818
10973
10757
10792
10783
10471
10841
10460
10964
10653
10873
10464
10805
10703
10801
10742
10901
10368
10914
10630
10923
10831
10742
10776
11099
10748
10998
11004
11030
10573
10982
10928
10688
10845
10769
10843
10860
10830
10887
10996
10932
10865
10900
10880
10733
11159
10979
10803
10976
10849
10615
11081
10932
11044
10801
10719
10621
10860
10682
10511
10844
10789
10546
10705
10803
10901
10766
11048
10630
10962
11073
10619
10847
10813
10778
10659
11041
10897
11050
10839
10821
11014
10476
10482
10853
10755
10468
10837
10939
10574
10934
10859
10802
10783
10827
10764
10963
11035
10431
10853
10607
10793
10890
11025
10777
11123
10767
11028
10781
10708
10836
10836
10886
10746
11111
10922
10601
10898
10948
10648
10925
10829
10785
10948
10873
10796
10883
10784
10774
10811
10997
11007
11203
11037
11087
11107
10772
10780
10771
10980
10764
11138
11001
10775
10826
11121
10662
11209
10817
10336
10759
10902
10772
10939
10515
10610
10478
10759
10705
10856
10724
10390
10909
10561
10561
10555
10845
10438
10948
10641
10448
10798
10540
10167
10646
10559
10698
10548
10874
10563
10724
10391
10921
10664
10705
10517
10783
10903
10400
10608
10604
10250
10877
10733
10623
10771
10825
10770
10836
10883
10777
11257
10480
10781
10792
10766
10393
10730
10894
10793
10661
10846
10547
10836
10606
10443
10959
10714
10834
10576
10903
10469
10620
10704
10656
10681
10927
10658
10734
10523
10740
10573
11066
10649
11040
10754
10851
10770
10759
10485
10900
10827
10295
10981
10807
10999
10705
10795
10764
10926
10721
10941
11011
10758
10666
10986
10936
11002
11041
11095
10634
10994
10768
10898
10742
10819
10748
10630
10927
10963
10977
10589
10689
10639
10956
10883
10971
10970
10961
11006
10924
10582
11091
10891
10726
10966
11116
10508
11301
10793
10974
10916
10783
10436
10750
10952
10526
11022
10689
10805
10650
10696
10722
11010
10721
10908
10690
11162
10873
10798
10714
10714
10859
10959
10520
11133
10828
10851
10982
10670
10584
10639
10690
10585
10930
10817
10792
10815
11133
10852
10840
10691
10822
10910
11016
10479
11011
11203
10868
10976
11046
11010
11096
10839
11123
11082
10632
10897
10935
11027
10551
10851
10999
10778
10831
10913
10658
10948
10739
10897
11053
11024
11033
10990
10572
10776
10655
11835
10648
11017
10783
10374
10786
10492
10598
10706
10752
10390
10590
10719
10506
10738
10652
10164
10799
10507
10441
10725
10741
10348
10653
10593
10992
10777
10922
10585
10424
10683
10528
10640
10644
10740
10802
10663
10132
10617
10368
10566
10561
10775
10330
10759
10657
10799
10659
10776
10583
11148
10804
10995
10683
10826
10462
10959
11020
10497
10823
10773
10353
10720
10590
10267
10744
12822
10984
10643
10940
10468
10720
10800
11100
10869
10661
10799
10935
10563
10651
10925
10924
10439
10827
10925
10405
10699
10658
10565
10958
10669
10500
10771
10950
10622
10805
11012
10828
11096
10675
10819
11032
10800
10805
11247
10934
10747
10846
10869
10597
10931
11054
10455
11091
11005
10889
10669
10931
10825
11008
10833
10806
10703
10767
10612
11100
10855
10844
11027
11079
10656
11175
10957
11085
10912
10952
10831
10663
10737
10493
10729
10823
10838
10806
10806
10652
10909
10787
10560
10881
10820
10876
11056
10982
10665
10928
10918
10906
11124
10708
10778
11076
10742
10833
10914
10817
10579
10746
10763
10628
10970
10761
10721
10909
10503
11011
10697
10864
10922
10874
10928
10643
10905
11069
10449
11019
10951
10892
10806
10778
10989
10926
11076
10735
11179
10820
10814
10930
11137
10617
10882
10832
10917
10915
11166
10738
10932
10731
10892
10826
10941
10873
11092
10530
10494
10753
10517
10828
10724
10600
10430
10685
10533
10453
10572
10718
10308
10802
11269
10740
10786
10749
10608
10971
10734
10567
10831
10830
10272
10898
10422
10544
10673
10438
10620
10533
10698
10279
10646
10617
10583
10516
10655
10311
10677
10423
10671
10760
10949
10534
10826
10746
10670
10824
10864
10731
10924
10640
10515
10852
10472
10373
10496
10804
10352
10864
10863
11099
10705
10863
10330
10854
10552
10742
10626
10773
10707
10762
10684
10775
10699
10984
10499
10558
10791
10646
10897
10527
10533
10825
10855
10509
10722
10462
10646
10888
10830
10437
11121
10882
10832
10809
11030
10462
11127
10945
11070
10804
10847
10840
10698
11014
10752
11000
10794
10849
10828
11097
10664
11033
10776
10786
11017
10921
10823
11238
10621
10871
10994
11063
11017
10903
10893
10828
10796
10984
10844
10696
10796
10466
11058
10887
10621
10791
11057
10768
10794
10823
10530
10767
11076
10888
10982
10908
10987
11026
10843
10593
11093
10760
10651
10889
10640
10631
10875
10848
10552
10844
10847
11241
10908
10705
10662
10865
10594
10876
10800
10970
10914
10814
10619
10932
10755
11129
10568
10867
11054
10957
10984
10590
10641
10988
10949
10757
10997
10755
10733
10659
11102
10922
10927
10598
10947
10846
10983
10485
10912
10910
10961
10818
10949
10775
11021
10975
10634
10955
10787
10993
10697
10865
10485
10785
10461
10672
10568
10596
10328
10548
11298
10773
10469
10981
10552
11178
10821
10521
10579
10886
10415
10865
10545
10288
10948
10378
10561
10412
10753
10275
10889
10654
10822
10692
10686
10541
10806
10578
10640
10818
10905
10558
10729
10501
10594
10887
10784
10572
10745
10726
10552
10797
10716
10579
10572
10645
10461
10799
10709
10795
10576
10691
10570
10908
10909
10650
10779
11026
10514
11074
10807
10688
10891
10944
10556
10691
10533
10532
10766
10660
10839
10726
10735
10617
10875
10717
11193
10699
11046
10508
10907
10689
10359
10742
10931
10450
11061
10878
10957
11240
11345
10809
10893
10735
10570
11036
10922
10940
10973
11048
10644
11214
10898
10885
10807
10983
10761
10929
10670
10898
11128
11125
10920
11142
10830
10950
10700
10786
10748
10847
10859
10487
11037
10709
10756
10626
11024
