16650
11578
15046
13846
14894
14155
12690
11558
14946
13743
12467
11693
13454
13727
12292
10935
13754
13185
11495
11079
12932
10317
10476
10440
15183
14046
12548
12984
16106
15030
12960
11145
12897
13250
11075
10495
12223
13567
11480
10518
12291
13099
11643
10795
12160
12438
11869
10419
12886
13548
12240
10887
12882
13793
11902
10663
9709
12239
11583
11128
14331
13189
12285
10793
16280
15305
13670
12389
16475
13973
12224
10885
10643
11835
11091
10473
13854
13442
12790
12355
14993
14128
12531
11127
14987
13193
12501
11628
15099
13362
12693
11912
13836
13382
13040
12542
14903
14070
13178
11673
15279
13237
11924
12265
15035
13812
13261
12305
16131
13069
12204
12009
15216
14139
13146
11526
14198
13113
10620
10254
11940
12610
24982
24672
24910
24781
24215
23342
25631
24404
22142
20106
23785
20081
19083
17603
20069
18134
16985
16111
16934
15657
13799
13142
15833
13293
12794
9862
14370
13187
12666
11646
14702
13502
12777
12384
15133
14706
13145
11749
14739
13483
12276
11851
14605
13322
13083
12226
16420
13523
12766
12516
15562
13372
12557
11690
14132
13412
12740
11455
14923
13619
13685
13570
16503
15659
13823
13120
15804
15664
13829
12958
16038
13856
12526
11713
15765
12989
13101
12756
15690
13245
12351
11608
14710
13407
12991
12384
14796
13518
12846
12570
14933
13426
13382
12942
14763
14175
28365
16727
29883
26888
25966
28023
24930
24385
23463
21999
26106
22657
21106
20256
22067
20964
18856
19421
16708
17568
16418
15569
17406
15317
14194
12915
14092
13853
12897
11242
14203
13916
13515
12070
16018
13955
10368
10444
13824
13715
11811
11279
14043
14096
14350
12617
14647
13470
12966
12206
14124
13453
12772
12824
16185
14021
13168
12294
15393
13251
14499
12390
12057
10262
14237
14204
11409
12335
12066
13899
10609
12969
12018
11722
15827
14100
13326
16033
13778
12157
11556
14759
10808
14091
11776
11537
14663
13385
12782
13006
15663
14360
12957
12160
16111
15520
13484
16685
12779
13649
12550
11335
14321
13456
12627
15058
11533
13098
12033
11526
13840
13171
12864
12519
15715
11117
16438
15188
14652
15919
13650
16617
13971
18133
16706
16188
13976
12756
16729
14084
13342
12373
11448
12395
13997
13331
12696
12254
15299
13217
14597
11431
10810
10368
11745
10309
14465
13019
13370
12437
15507
13927
12606
12310
15039
13847
13491
12617
14931
14252
12519
12932
15877
14597
12768
12392
15449
14651
14313
10960
10185
12401
11200
10672
15978
13731
12942
12650
15700
13970
12641
11694
15810
13875
13028
13144
16389
13735
20320
21677
17692
19710
18052
16980
18112
17062
15913
15039
17569
16341
14082
12045
15622
13874
13012
12239
14754
14047
13590
15446
11793
14241
12803
11877
15445
15884
13282
14964
13204
12166
13365
13182
11901
14899
14094
13871
13641
16672
16817
14201
15548
13692
13829
14528
15762
14509
13259
13032
15772
13020
12448
11824
15916
12912
14844
11164
9804
10650
15336
14059
12790
12771
14223
13486
15529
14225
12822
12683
14894
14222
13519
12645
15742
14037
12909
12191
15738
13220
12071
10033
9987
10139
14937
13632
13327
12501
16156
16371
14110
13615
12086
14594
13822
13555
12592
11676
15256
13699
13390
12289
15339
15316
12698
12566
15369
16116
13498
12240
15295
16443
15220
13396
14868
13671
12987
12392
14994
13734
12935
12680
15522
14446
13151
12337
11510
13657
12663
11822
14540
13916
13992
13074
12174
13855
12197
12680
16699
15903
14916
14254
13072
12453
15492
15135
14716
12887
13583
11899
12617
11555
23529
11286
14214
14410
11646
14317
10426
14964
11905
10692
12438
11632
12912
15002
13697
14299
13564
17021
16089
14359
15962
13298
14471
13700
16781
12874
11716
15131
12210
11685
15060
13757
13149
12517
13448
13484
13227
12419
12634
12562
10564
14402
13486
12401
11650
14583
13759
13317
12701
11231
14455
13666
16380
12720
12653
14513
11743
11597
14475
13500
13919
13094
11158
15462
12597
11828
12324
11726
11385
12004
15498
13097
12691
15061
12024
13405
12365
11623
14520
13081
12705
11806
16153
16751
13470
16089
12150
11833
13589
13063
11212
14937
14012
13223
12420
10892
14621
11876
12650
10733
14211
13474
16193
13460
19941
21724
17326
13318
12745
13538
12727
14156
11791
12522
13748
14292
14628
16487
16193
15243
13639
14457
11821
12261
11432
10882
15533
13213
12212
11989
14392
13434
13046
12725
13726
13731
12915
10645
14487
14058
13864
13403
12531
11462
12489
11601
14365
12966
12788
13173
13965
13640
14560
12883
13955
11721
13386
13043
14912
13743
14364
13952
16721
15972
14030
13283
14475
14055
14349
13258
15145
12791
17201
19110
11764
19660
18345
11883
20340
17804
16501
15429
16653
15680
13323
16695
11501
15852
13867
11177
11213
12544
11871
11477
14453
13412
13636
15794
16035
12051
14365
13355
12109
11420
13482
12545
11753
10766
11736
11174
11092
10200
10186
13588
13675
13913
12716
13960
12707
12191
11646
14208
12960
12584
11675
11989
11327
11615
10771
11531
10943
14357
14566
14858
15728
14210
14775
12997
14801
15005
12993
12622
14427
11516
11934
11473
14139
13054
12517
11885
15486
14185
14424
12846
13422
12562
11662
14204
13152
10666
13914
11823
11722
14087
11544
11595
13024
14082
13496
12672
14985
11740
11977
10973
13439
14286
13566
14208
12557
11768
13321
12424
13300
11783
11739
11161
14778
13659
13058
12950
16238
17993
14543
13994
13123
14128
13884
12734
14625
11646
14201
14253
11541
11599
12571
11788
13127
10774
13802
13434
13047
15979
16469
12088
13007
10620
11565
9952
14470
13389
12435
12143
15984
15573
15810
13640
12062
10836
14550
15455
14503
16216
13902
12492
11592
13427
11196
12343
10590
12303
11575
11041
14715
13552
13126
12580
15737
13475
13011
13325
14893
13619
12768
12502
15315
15893
13492
12920
13806
12654
14411
12303
11150
14173
12450
12081
13040
11917
12781
13510
12106
11388
11861
10814
14683
13185
12635
16223
12138
15110
13614
12057
11116
14034
11241
13854
14151
24975
13977
12825
12891
26350
13269
12732
21967
19315
23067
22389
21249
20502
20541
17488
16654
18510
16279
16516
15645
16818
15242
14393
10455
10437
13966
14360
15913
12016
11346
15209
14038
11763
11086
12897
13890
12402
13141
11973
13879
10905
14017
14317
14859
13659
12885
12875
12119
13306
11999
15931
11543
14264
13288
12442
