12350
8873
9049
8999
8914
9026
8944
9023
9282
9013
8872
9171
9177
8967
8905
8931
8835
9276
8904
8849
9267
9147
9071
9039
9001
8684
9392
8905
8901
9325
9124
9067
9007
9003
8703
9086
8707
8867
8980
9155
9100
8803
8967
8981
9311
8837
9003
9031
9281
8873
9173
9127
8803
9220
9070
9023
9256
9189
8942
8859
9021
9029
9117
8951
8840
9073
9397
9156
9044
9278
8901
9382
9151
8593
8941
8908
8985
8938
8905
8846
9399
9192
8924
9210
9102
9293
9104
9235
8942
9198
9295
8929
9291
9106
8977
9190
9271
9089
9378
9472
8794
9117
9125
8993
9019
9183
9017
9271
9356
9017
9120
9232
9425
9248
9137
8954
9457
9497
8850
9069
9182
9053
9362
9191
9091
9246
9486
8961
9356
9200
8970
9108
9183
9281
9244
9307
8939
9337
9216
9107
9018
9308
9145
9237
9335
8957
9163
9251
9077
9098
9316
9140
9198
9122
8962
9051
9261
9322
8956
9111
9056
9354
9391
8828
9208
9242
9063
9041
9096
8905
9438
9072
8877
9461
9297
8926
8992
8933
8863
9338
9249
8826
9120
9384
9038
8925
9028
8970
9216
9448
9058
9142
9469
8966
9314
9225
9120
9247
9219
8797
9150
9196
9217
9285
9027
9056
9369
9490
9205
9099
9426
9305
9329
9311
9279
9476
9029
8787
9037
8813
9215
9377
8839
8942
9244
9171
8708
9140
9130
8926
9242
9164
8802
9273
9062
8718
9316
9233
8897
9109
9126
8641
9006
9070
8680
8950
9114
8959
9132
8721
8916
9307
9245
8947
8935
9128
9085
9392
9132
9055
9219
9272
8726
8866
9082
8764
9391
8797
8955
9158
9240
8661
9326
9005
9073
9636
9050
9143
9078
9404
8915
9009
9061
8843
9234
9192
9094
9333
9101
8665
8973
8851
9115
9174
9037
8979
9067
8929
8559
9210
9179
8963
9265
8935
8816
8978
9364
8632
9068
9204
9192
9160
9027
9007
9322
9377
8850
9151
9337
8854
9365
9132
8820
9154
9045
9047
9079
9128
9271
9420
9007
9062
9422
9193
8818
9120
9249
9217
9447
9204
8786
9134
9131
8801
9342
9294
8896
9338
8908
8892
9381
9224
9135
9296
9276
9261
9271
8957
8906
9239
9401
8945
9005
8884
8865
9381
9042
8807
9402
9151
8956
8963
9119
9260
9212
9078
9085
9469
9360
9283
9183
9063
9225
9423
9199
8715
9180
9301
9135
9073
8974
9047
9410
8830
8755
9181
9145
9158
9053
9213
9161
9438
9158
8907
9371
9412
9191
9110
9256
8896
9533
8973
8882
9246
9306
9282
9087
9168
9062
9546
9129
9067
9279
9208
9139
9272
9367
9211
9348
9045
8979
9387
8973
8924
9131
8802
9019
9359
8995
8875
9078
9105
8779
8892
9030
8866
9099
9103
8739
8897
9060
9056
9494
8936
8903
9374
8824
8727
8997
9125
9088
9214
9046
8758
9274
8938
8618
9282
9197
8955
9123
8934
9065
9149
8793
8737
9130
9375
9289
8987
8912
8915
9069
9070
8712
9134
9000
8924
9140
8788
8959
9171
9223
8773
9048
9379
8989
9128
9073
8881
9370
9212
9070
9125
9064
8803
8972
8822
8830
9235
9243
8831
8970
8973
8954
8895
8986
9209
9159
9344
8924
9267
9277
8908
9194
9233
9145
9389
9269
9049
9412
9097
9259
9033
9061
9085
9307
9408
9051
9270
9171
9172
9043
9103
8988
9448
9379
9099
9095
9116
9285
9210
9114
9117
9292
9369
8715
9056
9257
8938
9057
8939
9008
9374
9183
9113
9162
9240
9433
9353
9214
8973
9429
9213
8964
9120
9083
9395
9207
8883
9072
9222
9269
8782
9172
9086
8905
9041
8993
9151
9204
9383
9210
9009
9053
8946
9227
9269
8892
9384
9243
8695
9084
9183
8957
9045
9165
9194
9382
9045
8930
9015
8970
8988
8985
9249
9252
9207
9291
8800
9054
9167
9272
9187
9254
9114
9259
9318
9003
9415
9411
9010
9294
9266
9040
9285
9266
9094
9130
9466
9275
9371
9144
8932
9305
9555
9043
9431
8982
9177
9103
9030
8924
9103
9015
8740
9181
8829
8983
9060
9021
8837
9300
9121
9581
8894
9159
9138
9414
9108
8822
9289
8988
8762
8874
9078
9749
9349
9020
8712
9035
8923
8778
8833
9069
9031
9408
9000
9014
9237
9285
8886
9038
9042
8856
9122
9336
8881
9033
9065
8912
9358
9083
9071
9181
8735
8973
9386
9382
9018
9103
9229
9078
9936
8849
8953
9081
9138
8797
8969
9468
8756
9250
8846
8920
9373
9066
8696
9066
9013
9225
9398
8938
9072
9061
9479
8960
9086
8948
8841
9501
9151
8878
9360
9455
9031
9104
9256
8922
9495
9079
8903
9466
9380
9075
9231
9065
8944
9211
9290
9028
9158
9487
9308
9259
9149
9203
9433
9289
9082
9176
9182
9783
9169
8964
9334
9272
9070
8841
9411
9419
9480
9055
9083
9144
9292
9058
9073
9159
9679
9054
9069
9142
9087
9454
8897
8807
9279
9068
8989
9006
8889
9008
9442
8837
9070
9427
9199
9356
9211
9371
8915
9191
9153
9137
9243
9090
8931
8981
9155
8867
9226
8956
8830
9325
9342
9195
8973
9121
8945
9478
9101
9053
9215
9112
9258
9237
9050
8928
9231
9370
8826
9406
9330
9298
9107
9075
8990
9629
8894
9030
9171
9116
9242
9275
9112
9095
9378
9141
9170
9443
9454
9312
9216
8909
8715
9124
8960
8664
8997
8995
9093
8861
8746
8961
9391
8935
8988
9219
9058
9149
9221
8901
9202
9201
8904
8827
9060
9198
9102
9112
9084
8943
9059
9232
8747
8972
8895
8843
8963
8854
8830
9306
9297
8692
8951
9007
8843
8909
9082
8957
9384
9088
8813
9041
9217
8896
9205
9042
9066
9177
9081
8645
8903
9076
9295
8959
9027
8998
9218
9375
8951
9268
9594
9044
9181
8913
8725
9315
8989
8981
9225
9019
9098
9004
8800
8721
9126
9360
8779
9286
9170
9239
9070
9179
9072
9313
9188
8914
9030
9508
9218
9302
9305
9084
9278
9168
8714
9149
9092
9074
9271
9115
9035
9248
9464
8945
9384
9405
9111
8984
9306
8951
9144
9547
8858
9430
9173
8904
9477
9144
9050
9229
9471
9047
9395
9027
9072
8941
9222
