12792
9261
9120
9059
9607
9638
9390
9406
9363
9489
9377
9455
9352
9158
9369
9360
9099
9407
9181
8879
9615
9541
9398
9492
9257
9357
9544
9541
9404
9487
9414
9569
9491
9369
9256
9355
9377
9082
9382
9107
8837
9160
9367
9134
9328
9132
8964
9734
9532
9464
9485
9455
9343
9535
9462
9299
9249
9169
9191
9379
9471
9300
9390
9607
9318
9575
9418
9231
9517
9513
9223
9500
9345
8950
9484
9362
9393
9418
9191
9484
9417
9303
9192
9267
9176
9485
9726
9516
9245
9565
9593
9534
9731
9558
9457
9552
9867
9664
9728
9650
9530
9820
9696
9378
9692
9486
9314
9718
9608
9315
9488
9342
9605
9810
9710
9521
9700
9585
9466
9467
9455
9261
9390
9574
9289
9425
9201
9225
9828
9697
9436
9656
9413
9727
9812
9557
9486
9622
9562
9348
9510
9453
9095
9286
9467
9274
9473
9294
9222
9356
9747
9645
9722
9457
9419
9970
9683
9420
9698
9575
9230
9582
9326
9151
9356
9297
9496
9595
9426
9215
9401
9778
9667
9762
9679
9512
9564
9396
9370
9364
9287
9071
9914
9670
9405
9579
9536
9383
9543
9345
9245
9449
9361
9448
9512
9488
9326
9383
9938
9700
9787
10262
9431
9605
9634
9532
9563
9343
9154
9810
9716
9523
9710
9525
9359
9613
9266
8923
9170
9082
9427
9457
9306
9165
9187
9242
9200
9207
9194
8933
9214
9352
9045
9305
9054
8990
9491
9414
9239
9356
9214
9000
9530
9401
9357
9461
9447
9206
9354
9230
9034
9241
9607
9240
9476
9387
9078
9262
9570
9395
9646
9488
9371
9546
9472
9290
9330
9261
9100
9742
9575
9449
9425
9351
9372
9564
9578
9476
9533
9391
9097
9379
9113
8985
9237
9452
9131
9341
9232
8868
9670
9588
9546
9613
9446
9392
9379
9352
9141
9244
9122
9387
9478
9335
9042
9273
9577
9318
9663
9621
9409
9551
9702
9462
9591
9538
9342
9590
9523
9343
9445
9321
9207
9823
9620
9466
9677
9488
9565
9852
9712
9551
9583
9718
9500
9693
9663
9578
9593
9616
9365
9461
9378
9216
9602
9543
9202
9385
9374
9172
9533
9316
9156
9396
9191
9489
9669
9485
9363
9488
9628
9349
9510
9465
9343
9439
9396
9359
9411
9201
9237
9716
9604
9360
9572
9494
9198
9719
9557
9505
9659
9576
9520
9520
9399
9251
9348
9532
9495
9532
9437
9217
9343
9647
9443
9631
9624
9383
9706
9497
9215
9483
9232
9228
9605
9550
9293
9390
9406
9719
9813
9742
9481
9647
9797
9701
9776
9697
9393
9653
9755
9723
9797
9669
9374
9841
9661
9553
9740
9652
9410
9598
9296
8899
9183
9115
9484
9546
9416
9282
9290
9690
9287
9362
9310
9157
9292
9519
9294
9514
9349
9110
9400
9382
9237
9309
9093
8901
9559
9555
9426
9478
9382
9414
9335
9121
9046
9115
9318
9181
9326
9159
8921
9057
9521
9394
9541
9410
9287
9778
9621
9424
9468
9419
9436
9662
9612
9432
9386
9293
9160
9325
9410
9219
9302
9424
9102
9293
9129
8947
9308
9661
9398
9605
9407
9100
9443
9387
9328
9368
9265
9096
9497
9348
9194
9253
9171
9295
9429
9309
9063
9156
9310
9314
9412
9391
9313
9270
9819
9724
9761
9676
9567
9876
9812
9506
9782
9500
9376
9807
9720
9465
9663
9423
9383
9570
9375
9290
9363
9653
9462
9530
9518
9457
9431
9806
9507
9715
9564
9496
9858
9796
9452
9638
9425
9385
9613
9413
9250
9452
9237
9374
9535
9509
9176
9367
9515
9221
9478
9386
9260
9301
9585
9565
9592
9446
9337
9567
9532
9293
9459
9406
9049
9749
9577
9356
9602
9638
9573
9674
9533
9233
9440
9431
9408
9499
9411
9262
9248
9662
9564
9678
9491
9312
9905
9654
9430
9624
9570
9414
9855
9610
9489
9645
9584
9489
9604
9527
9343
9422
9882
9752
9816
9684
9433
9593
9638
9500
9560
9309
9173
9877
9650
9504
9734
9530
9332
9638
9363
8949
9217
9104
9629
9694
9474
9336
9475
9131
9194
9283
9182
9044
9194
9596
9256
9463
9416
9219
9721
9637
9416
9511
9351
9165
9662
9430
9413
9462
9429
9357
9485
9269
9122
9286
9346
9327
9565
9355
9110
9267
9530
9479
9531
9455
9305
9527
9531
9235
9352
9308
9089
9597
9288
9335
9224
10287
9385
9563
9500
9467
9560
9421
9115
9311
9102
8928
9254
9702
9429
9616
9443
9159
9406
9357
9295
9334
9252
9232
9379
9207
9187
9239
9136
9372
9613
9449
9067
9257
9135
9315
9643
9594
9511
9516
9838
9607
9741
9660
9497
9706
9625
9471
9551
9383
9308
9670
9445
9259
9462
9299
9635
9802
9750
9618
9615
9950
9497
9727
9667
9487
9575
9803
9609
9677
9674
9532
9596
9552
9210
9470
9323
9157
9519
9427
9259
9427
9320
9593
9752
9574
9373
9570
9458
9547
9665
9643
9508
9577
9410
9408
9419
9289
9232
9754
9736
9460
9741
9557
9295
9740
9552
9527
9694
9606
9494
9563
9455
9298
9386
9226
9645
9657
9572
9267
9483
9730
9466
9697
9701
9398
9619
9415
9184
9356
9247
9213
9821
9739
9627
9652
9657
9491
9580
9464
9209
9436
9312
9705
9838
9746
9429
9592
9588
9588
9641
9483
9195
9698
9551
9303
9554
9495
9148
9599
9290
8942
9232
9052
9372
9405
9278
9172
9129
8918
9253
9296
9174
9026
9209
9564
9288
9474
9352
9136
9681
9592
9500
9555
9353
9034
9573
9478
9403
9545
9403
9331
9310
9145
9152
9078
9039
9375
9619
9419
9114
9368
9478
9357
9638
9315
9117
9681
9589
9459
9509
9418
9387
9465
9432
9308
9269
9175
9159
9458
9446
9277
9360
9241
9223
9449
9289
9027
9444
9521
9275
9503
9300
8980
9396
9325
9281
9331
9223
9185
9542
9285
9325
9353
9249
9365
9582
9322
9070
9261
9045
9325
9551
9437
9268
9355
9679
9520
9605
9507
10108
9855
9780
9454
9700
9605
9337
9598
9492
9212
9394
9274
9487
9676
9496
9472
9451
9372
9483
9458
9498
9336
9353
9658
9404
9535
9601
9317
9838
9810
9517
9659
9542
9446
9570
9385
