13307
10021
9458
9531
9625
9461
9585
9753
9409
9334
9622
9254
9362
9612
9393
9299
9469
9388
9292
9418
9390
9434
9507
9377
9430
9320
9152
9263
9428
9146
9337
9414
9138
9163
9324
9066
9165
9296
9703
9534
9738
9595
9487
9630
9676
9601
9605
9533
9620
9549
9364
9482
9562
9461
9618
9614
9286
9240
9812
9583
9742
9868
9739
9593
9805
9521
9504
9534
9564
9685
9701
9515
9504
9466
9350
9462
9551
9663
9868
9876
9534
9525
9812
9480
9556
9785
9611
9459
9683
9501
9451
9570
9570
9640
9531
9479
9728
9663
9495
9615
9556
9368
9547
9641
9413
9345
9609
9323
9321
9547
9370
9274
9532
9361
9272
9346
9226
9924
9916
9800
9829
9885
9678
9871
9793
9622
9690
9786
9608
9547
9801
9527
9577
9728
9636
9435
9843
9643
9576
9682
9607
9535
9550
9565
9508
9477
9319
9436
9556
9336
9443
9663
9256
9307
9452
9210
9569
9812
9644
9538
9732
9608
9532
9589
9605
9642
9675
9520
9521
9500
9317
9567
9501
9367
9460
9548
9474
9432
9747
9384
9493
9664
9569
9381
9648
9411
9359
9453
9480
9505
9429
9622
9913
9560
9317
9710
9681
9474
9644
9720
9451
9476
9679
9363
9391
9638
9464
9335
9584
9430
9275
9390
9364
9408
9377
9852
9634
9595
9497
9585
9662
9508
9613
9698
9406
9359
9653
9308
9461
9621
9487
9414
9507
9361
9282
9532
9522
9666
9557
9446
9494
9455
9293
9455
9525
9293
9440
9577
9197
9175
9459
9117
9252
9476
9276
9337
9545
9307
9305
9331
9360
9402
9356
9320
9366
9335
9133
9286
9420
9191
9400
9416
9057
9056
9853
9526
9694
9897
9679
9594
9770
9583
9485
9598
9611
9699
9611
9557
9590
9519
9334
9412
9546
9359
9707
9819
9488
9416
9715
9353
9505
9705
9603
9402
9596
9408
9312
9451
9443
9451
9437
9355
9551
9522
9727
9852
9820
9655
9778
9855
9642
10644
9852
9600
9586
9766
9583
9529
9846
9610
9544
9628
9500
9676
9629
9575
9659
9527
9382
9539
9558
9307
9464
9602
9331
9361
9527
9268
9298
9446
9304
9244
9487
9809
9711
9871
9803
9755
9785
9720
9695
9644
9486
9687
9602
9488
9688
9696
9426
9366
9621
9351
9454
9662
9581
9378
9656
9494
9337
9432
9488
9457
9526
9407
9392
9336
9233
9301
9404
9211
9318
9422
9407
9388
9611
9333
9411
9627
9453
9340
9509
9443
9274
9413
9361
9374
9361
9280
9456
9387
9271
9354
9848
9617
9877
9845
9604
9570
9872
9569
9556
9778
9607
9503
9734
9509
9444
9595
9550
9571
9546
9455
9431
9392
9273
9354
9395
9225
9356
9495
9183
9112
9302
9071
9201
9417
9174
9113
9321
9077
9006
9087
9510
9464
9461
9438
9424
9356
9193
9398
9402
9266
9380
9440
9116
9083
9426
9036
9158
9319
9169
9420
9555
9341
9268
9345
9348
9409
9461
9337
9303
9341
9148
9268
9389
9179
9342
9431
9072
9026
9323
9333
9414
9673
9466
9370
9583
9322
9229
9360
9448
9440
9462
9318
9306
9256
9146
9376
9307
9169
9285
9820
9357
9334
9603
9339
9445
10260
9455
9425
9558
9308
9217
9295
9430
9480
9436
9338
9463
9539
9480
9606
9571
9373
9597
9635
9378
9371
9600
9336
9304
9558
9343
9279
9602
9415
9247
9449
9250
9311
9805
9632
9746
9789
9571
9703
9621
9467
9703
9704
9483
9535
9716
9457
9363
9613
9424
9309
9653
9486
10584
10160
9493
9653
9504
9457
9582
9503
9282
9515
9426
9264
9551
9464
9204
9411
9157
9129
9431
9159
9606
9702
9462
9498
9635
9392
9527
9691
9484
9478
9620
9432
9316
9529
9419
9256
9506
9365
9181
9652
9389
9374
9683
9378
9441
9586
9306
9430
9565
9281
9371
9527
9464
9323
9546
9441
9287
9483
9386
9540
9801
9675
9485
9685
9450
9413
9699
9430
9463
9614
9355
9456
9598
9261
9379
9611
9428
9309
9266
9665
9511
9814
9690
9515
9795
9702
9441
9676
9440
9341
9692
9379
9503
9617
9311
9404
9588
9208
9646
9844
9657
9599
9700
9505
9370
9618
9587
9423
9717
9509
9311
9541
9287
9283
9565
9348
9400
9507
9561
9587
9737
9509
9650
9835
9613
9551
9798
9539
9401
9786
9700
9450
9760
9643
9365
9552
9317
9268
9655
9382
9480
9583
9225
9342
9547
9194
10257
9543
9423
9318
9473
9308
9121
9375
9334
9135
9421
9325
9296
9575
9273
9227
9658
9341
9357
9555
9254
9233
9394
9107
9322
9553
9307
9214
9522
9366
9196
9758
9593
9441
9673
9587
9440
9658
9385
9399
9583
9278
9378
9499
9309
9424
9635
9238
9289
9484
9356
9823
10098
9840
9749
9954
9891
10215
9922
9785
9618
9846
9602
9543
9771
9471
9585
9754
9507
9743
9804
9709
9768
9935
9858
9703
9948
9716
9575
9835
9683
9534
9789
9693
9452
9703
9401
9430
9685
9406
9762
9907
9623
9714
9946
9577
9689
9946
9807
9642
9875
9667
9468
9729
9645
9461
9728
9591
9399
9664
9545
9479
9775
9512
9634
9732
9460
9526
9671
9343
9496
9635
9560
9421
9717
9563
9364
9644
9543
9314
9824
9671
9508
9763
9473
9444
9717
9421
9507
9742
9412
9492
9647
9339
9445
9599
9450
9385
9360
9427
9289
9541
9546
9326
9516
9473
9181
9410
9148
9153
9454
9171
9267
9385
9063
9150
9306
9058
9215
9925
9718
9627
9986
9618
9492
9754
9723
9448
9680
9562
9370
9594
9343
9271
9656
9367
9481
9577
9271
9337
9517
9277
9437
9557
9475
9349
9497
9381
9187
9478
9425
9243
9467
9394
9096
9340
9078
9036
10488
9445
9514
9608
9295
9361
9505
9158
9460
9692
9397
9333
9500
9275
9093
9335
9359
9138
9390
9316
9377
9626
9343
9339
9643
9378
9441
9595
9261
9352
9603
9166
9437
9583
9448
9369
9598
9482
9289
9493
9846
9654
9913
9854
9683
9912
9666
9608
9826
9582
9615
9745
9541
9672
9862
9561
9603
9707
9688
9487
9848
9755
9545
9782
9618
9424
9726
9586
9467
9675
9454
9397
9645
9316
9383
9546
