13113
9629
9706
9458
9403
9494
9710
9227
9504
9352
9237
9486
9852
9424
9809
9680
9562
9687
9421
9157
9779
9466
9496
9403
9465
9193
9500
9195
9317
9394
9543
9152
9514
9303
9446
9549
9609
9250
9801
9623
9520
9578
9408
9114
9791
9504
9322
9358
9489
9322
9458
9168
9380
9478
9557
9154
9428
9324
9309
9444
9515
9166
9543
9368
9337
9293
9301
9091
9781
9538
9390
9783
9477
9630
9802
9513
9300
9738
9530
9502
9556
9554
9176
9574
9505
9400
9557
9760
9373
9641
9376
9415
9530
9825
9544
9775
9608
9805
9811
9866
9520
9863
9736
9362
9513
9665
9269
9679
9477
9533
9707
9733
9421
9725
9496
9544
9605
9810
9512
9938
9588
9443
9625
9761
9443
9834
9683
9310
9472
9644
9263
9861
9631
9300
9404
9772
9627
9604
9928
9723
9882
9646
9803
9762
9731
9611
9637
9372
9489
9621
9653
9281
9945
9709
9613
9647
9599
9254
9812
9698
9687
9706
9897
9520
9776
9794
9667
9685
9577
9405
9598
9409
9443
9542
9900
9464
9634
9405
9632
9590
9593
9182
9713
9586
9412
9430
9786
9507
9851
9547
9703
9704
9632
9430
9916
9650
9374
9478
9644
9229
9898
9989
9615
9821
9703
9500
9618
9789
9414
9869
9605
9819
9820
9868
9412
9787
9397
9472
9473
9620
9414
9961
9593
9561
9585
9515
9137
9710
9499
9524
9653
9808
9377
9662
9392
9338
9443
9646
9452
9770
9467
9486
9506
9464
9253
9577
9348
9198
9297
9607
9209
9657
9532
9227
9350
9687
9346
9448
9115
9491
9614
9392
9136
9507
9210
9329
9607
9280
9450
9608
9729
9218
9724
9532
9400
9505
9664
9204
9654
9483
9492
9430
9695
9426
9668
9364
9466
9526
9559
9383
9579
9240
9603
9702
9630
9357
9655
9436
9266
9403
9593
9155
9844
9679
9288
9376
9408
9172
9614
9378
9472
9465
9852
9568
9753
9640
9597
9684
9656
9296
9648
9454
9611
9691
9590
9187
9813
9679
9747
9766
9786
9535
9801
9757
9637
9850
9602
9551
9621
9906
9542
9779
9625
9627
9808
9950
9574
9865
9674
9649
9807
9785
9533
9851
9639
9773
9774
9735
9588
9689
9380
9705
9711
9502
9269
9880
9747
9529
9601
9668
9257
9564
9438
9595
9775
9826
9654
9891
9591
9544
9611
9544
9351
9747
9445
9447
9499
9471
9224
9694
9552
9351
9442
9663
9294
9501
9444
9308
9485
9567
9750
9839
9647
9460
9721
9437
9836
9802
9721
9522
9827
9500
9764
9839
9901
9429
9967
9780
9551
9775
9957
9572
9924
9785
9550
9620
9726
9543
9783
9502
9613
9653
9527
9275
9460
9200
9317
9429
9528
9141
9698
9540
9410
9565
9683
9341
9510
9336
9250
9343
9451
9272
9895
9234
9397
9376
9811
9345
9656
9516
9204
9311
9524
9143
9373
9211
9203
9538
9406
9368
9496
9567
9196
9829
9505
9564
9736
9478
9272
9623
9366
9595
9677
9413
9190
9663
9463
9362
9452
9557
9191
9744
9733
9600
9724
9996
9432
9660
9337
9336
9524
9753
9729
9800
9462
9446
9411
9373
9171
9749
9555
9275
9503
9499
9101
9501
9453
9328
9457
9746
9436
9475
9268
9266
9450
9667
9464
9731
9453
9600
9553
9558
9557
9637
9694
9248
10042
9852
9511
9663
9818
9456
9903
9758
9509
9584
9702
9431
9710
9478
9621
9681
9821
9639
9770
9529
9434
9510
9642
9228
10029
9794
9669
9769
9893
9450
9797
9609
9530
9586
9848
9542
9729
9454
9485
9488
9728
9493
9698
9300
9585
9766
9610
9210
9718
9476
9603
9604
9581
9221
9617
9412
9354
9456
9557
9339
9730
9489
9418
9832
9486
9497
9527
9824
9600
9858
9657
9387
9599
9624
9276
9716
9574
9420
9544
9687
9303
9918
9595
9466
9535
9508
9327
9861
9701
9737
9787
9860
9563
9884
9791
9394
9529
9675
9288
9763
9668
9417
9545
9734
9446
9939
9636
9571
9635
9773
9586
9805
9346
9506
9552
9304
9078
9476
9397
9235
9295
9504
9127
9527
9398
9236
9306
9699
9289
9408
9456
9211
9669
9314
9740
9845
9581
9554
9608
9195
9345
9434
9585
9235
9556
9313
9217
9340
9773
9396
9813
9652
9422
9527
9389
9163
9605
9298
9477
9419
9489
9145
9543
9241
9618
9708
9814
9382
9779
9576
9331
9411
9762
9407
9838
9638
9488
9469
9576
9444
9816
9581
9404
9435
9597
9390
9515
9283
9316
9420
9600
9148
9502
9351
9368
9625
9668
9408
9567
9634
9249
9563
9329
9530
9691
9484
9348
9833
9583
9584
9679
9841
9508
9936
9782
9654
9851
9712
9300
9753
9494
9637
9767
9717
9458
9702
9472
9689
9777
9495
9304
9647
9416
9484
9572
9550
9249
9892
9725
9361
9512
9906
9498
9630
9445
9311
9500
9769
10002
9658
9427
9558
9534
9697
9515
9621
9270
9387
9393
9475
9317
9798
9688
9301
9771
9491
9701
9807
9695
9318
9977
9756
9510
9563
9654
9374
9703
9460
9556
9603
9565
9308
9646
9327
9551
9718
9882
9495
9719
9644
9341
9487
9643
9219
9891
9754
9443
9583
9732
9566
9682
9414
9675
9732
9717
9486
9887
9361
9426
9545
9900
9510
9929
9764
9504
11069
9784
9361
9914
9536
9578
9493
9911
9564
9783
9487
9522
9509
9387
9444
9403
9441
9194
9851
9720
9283
9563
9715
9272
9559
9395
9404
9558
9593
9175
9753
9489
9553
9676
9653
9475
9797
9341
9363
9374
9572
9403
9665
9512
9469
9531
9689
9294
9649
9576
9358
9463
9656
9202
9437
9173
9457
9550
9331
9138
9604
9359
9330
9350
9575
9449
9786
9669
9505
9621
9522
9173
9435
9360
9331
9378
9509
9166
9419
9258
9338
9683
9383
9784
9739
9504
9383
9621
9369
9657
9797
9777
9344
9528
9408
9477
9430
9880
9507
9908
9771
9652
9666
9461
9246
9707
9439
9707
9725
9822
9592
9693
9442
9379
9475
9692
9276
9695
9529
9421
9506
9814
9456
9827
9660
9482
9558
9621
9330
9635
9361
9758
9740
9761
9596
9666
9371
9408
9564
9806
9385
9607
9439
9537
9575
9564
9448
9601
9756
