14550
11067
11027
10685
10824
10598
10816
10616
10510
10451
10510
10996
10417
10771
10899
10174
10588
10569
10589
10305
10815
10669
10792
10714
10709
10870
10781
10708
10411
10781
10662
10434
10819
10442
10765
10592
11611
10634
10897
10457
10736
10815
10594
11018
10908
10502
10574
10617
10404
10553
10852
10542
10415
10887
10488
10964
10935
10647
10591
10449
10724
11103
11048
10718
10774
10572
10504
10783
10685
11004
10600
10837
10483
10432
10617
10623
11061
10970
10449
10719
10707
10776
10990
10772
10567
10491
10942
10624
10709
10711
10457
10464
10746
11902
10514
10743
10625
10904
10889
10725
10972
11074
10780
11056
10839
10888
10915
10870
10963
10893
11022
10903
10707
11106
11004
10680
10697
10449
10755
11325
10694
10828
10827
10687
10599
10777
10518
10491
10674
10955
11415
10936
10624
10909
11197
10848
11102
10724
10634
10821
11087
10753
10393
10827
10748
10844
10659
10549
11006
10989
10951
11114
10475
10644
10589
11036
11402
10527
10907
10902
10881
11002
10884
10619
11054
10833
10827
11350
10702
10567
10816
10760
10701
10721
10654
10840
10755
10969
10789
10866
10719
10956
11292
10490
10701
10779
10669
10864
10839
10736
10694
11092
10831
10702
10680
10613
10916
11009
11185
10711
10898
10770
10805
11021
10976
10937
10766
11089
10862
10889
10778
10761
10856
10707
10771
10996
10264
10611
10987
10718
10626
10591
10411
11054
10803
10369
10426
10629
10712
10675
10715
10463
10364
10734
10411
10686
10579
10504
10542
10781
10729
10336
10740
10447
10841
10922
10757
10446
10503
10289
10593
10800
10427
10752
10679
10675
10687
10530
10667
10636
10705
10615
10173
10834
10672
10832
10936
10627
10393
10740
10683
10476
10860
10267
10751
10947
10684
11192
10777
10839
10541
10585
10651
10593
10738
10665
10616
10979
10806
10443
10784
10396
10738
10684
10668
10777
10705
10586
10628
10569
10732
11077
11031
10540
10405
10933
10655
10396
11063
11050
10321
10920
10842
10801
10676
10942
10495
10908
10742
10923
10729
10648
10823
11067
10774
10730
10888
10702
10679
11236
10548
10738
11052
10700
10904
11269
10734
10432
11056
10840
10756
10979
10700
10683
10948
10836
10899
10945
11185
10910
11013
10589
10629
11041
10971
10615
10969
10707
10685
10933
11191
11063
10692
10466
10889
11182
10699
10918
10692
10918
10960
10769
10908
10707
10772
10512
10804
10982
10664
10879
11256
10902
10585
11031
10562
10900
10764
10974
10590
11054
10665
10935
11031
10542
10633
10864
11554
10991
11509
11023
10565
11135
10517
10747
10797
10512
10801
10954
10978
10646
10790
11036
10862
10884
10658
10577
10662
11006
11012
10579
10761
10748
11005
10787
11147
10771
10727
10628
11105
11062
10565
11117
10825
10885
10550
10415
10724
10923
10711
10725
10278
10275
10433
10746
10783
10702
10681
10284
10768
10915
10720
10411
11071
10605
10644
10993
10770
10583
12049
10395
10723
10586
10450
10529
10536
10544
10917
10688
10759
10875
10851
10579
10156
10897
10235
10670
11090
10280
10648
10530
10527
10782
10815
10324
10580
11293
10802
11007
10648
10602
10577
10526
10879
10606
10526
10857
10850
10950
10500
10488
10926
10683
10729
10837
11917
10664
10751
10725
11127
10702
10589
10825
10554
10709
10598
10705
10641
10672
10855
10999
10374
10779
10359
10645
10836
11061
10649
11117
10811
10879
10666
11068
11007
10873
10957
10838
10936
10783
10566
10792
10448
10724
10963
10650
10607
11186
10713
10909
11037
10636
10815
10557
10675
10672
11084
10822
10650
10755
10736
10851
11144
10605
10705
11057
11067
10746
10687
10605
10852
11162
10823
11055
10767
10515
10727
10685
10729
10320
10814
10448
10824
10777
10942
10926
10584
10710
10640
11170
10756
10850
10755
10550
11129
11078
10674
10647
11021
10939
10829
10870
10793
10998
10856
10946
10663
10856
10989
11066
10840
10332
10829
10765
10806
10849
10538
10666
10750
10919
10906
10559
10745
10923
10560
11360
10881
10650
10846
11176
11112
10829
10944
10529
10916
10865
11093
10747
10711
10864
10886
10847
10571
10819
10862
10978
11176
10856
10731
10949
10440
10662
10470
10231
10806
11182
10524
10940
10488
10429
10677
10725
10644
10636
10675
10980
10386
10733
10184
10516
10773
10685
10445
10865
10222
10759
10759
10800
10913
10681
10964
11018
10710
10489
10375
10567
10768
10786
10798
10537
10472
10779
10757
10785
10791
10310
10537
10731
10797
10733
10767
10547
10691
10704
10788
10722
10494
10556
10488
10971
10488
10973
11225
10700
10779
10949
10463
10264
11084
11018
10638
10637
10453
10896
10515
10502
10698
10702
10970
10993
10948
10357
10614
10962
10611
10998
10757
10520
10922
10846
10686
10730
10841
10931
10689
10889
11014
11063
11220
10767
10593
10758
10611
10896
10661
10800
11040
11030
10836
11091
11033
10756
10701
10733
10728
10688
11069
10729
10402
10888
10848
10928
11131
10929
10970
10679
11051
10732
10751
10791
10883
10785
10786
10896
10984
10687
10994
11304
10852
10725
10896
10782
10755
11151
10436
10745
10692
10619
10975
10915
11171
10956
10635
10561
11112
10732
10642
10739
10848
10986
10876
10716
10511
10779
11228
10662
10689
10942
10821
10794
10807
10428
10795
10881
10655
11300
10915
10423
10753
10972
10774
10639
10703
10853
10707
11999
10927
10657
10816
10777
10626
10812
10531
10482
10958
10703
11292
10801
10571
10676
10798
10924
10978
10964
10599
11122
11183
10658
10942
11030
10979
11066
10998
10792
10824
10710
11107
10668
10347
10425
10773
10981
10989
10675
10500
10480
10659
10515
10657
10611
10570
10349
10717
10894
10664
10524
10989
10780
10712
10851
10334
10776
10735
10870
10459
10645
10418
10741
10693
10239
10285
10528
10834
10812
10622
10218
10384
11081
10619
11066
10762
10836
10643
10748
10625
10456
10711
10671
10870
11031
10954
10489
10910
10787
10500
10543
10772
10510
11440
10500
10684
10746
10739
10276
10970
10828
10538
10762
10697
10709
10862
10382
11011
10615
10697
10961
10910
10607
10627
10446
10583
10787
10946
10478
10605
10740
10702
10355
10646
10976
10535
11093
11124
10606
10800
10904
10921
10965
10623
11021
10984
11468
10972
11089
10785
10642
10916
10885
10793
11239
10720
11001
11103
10871
10808
10728
10817
10766
11267
11015
10578
10879
10583
10675
10998
10874
10970
11236
10605
10693
10849
10696
