16645
13616
15328
10974
10758
10436
10461
10732
10401
10456
10457
10328
10431
10624
10390
10536
11744
10430
10582
10464
15172
14158
12862
12506
16542
10469
10511
10298
10512
10570
10477
10368
10524
12982
11990
12086
10482
10291
10260
10549
10292
10226
10425
10311
10492
10542
11046
11167
12665
10389
10268
10314
10610
10437
10523
10905
10511
10428
10722
10573
12572
13006
11059
10585
10592
10636
10573
11488
10820
10532
10693
10767
13234
12926
12772
10574
10475
10679
10711
10451
10532
10603
10512
10381
13740
13433
13491
11102
10549
10307
10457
10553
10451
10582
10687
10519
10683
13264
12727
11518
10714
10714
10416
10484
10724
11703
10784
10633
10721
12421
12226
11893
10639
10576
10748
10558
10493
10602
10594
10444
10654
13249
12969
11858
10951
10992
11814
10828
11111
10932
10879
11001
10938
10968
11761
11625
12807
11139
11132
10926
10971
11022
10823
10830
10972
10744
10688
10979
11505
11615
11021
11030
10838
11006
10940
10772
11049
10893
10743
11016
13086
12692
12672
10727
10865
10718
10997
10959
10666
10897
10857
10662
11050
13208
12511
12594
10988
10845
10587
10936
10896
10721
10906
10788
10703
10914
11983
11215
13325
10766
10814
10595
10901
11042
10938
11138
11167
10986
11068
11157
12318
12018
11190
11170
11018
11062
11192
10986
10884
11149
10968
10862
12394
11312
11036
11018
10871
10662
10578
10820
10898
11378
10913
10832
13575
13142
12626
10610
10825
10858
10820
10763
10746
10618
10540
10735
10751
15296
15246
13476
12966
10647
10452
10722
10698
10558
10773
10657
10542
10728
11644
11022
12427
12560
10659
10709
10595
10501
10682
10623
10597
10700
10736
11627
11070
13736
12212
11526
10851
10766
10509
10671
10646
10687
10451
10630
13427
14566
12617
12914
15728
10515
10365
10529
10510
10682
10604
10535
10529
13367
12592
11173
12711
11302
10631
11417
10371
10427
10281
10473
10689
10400
11057
11314
12697
13766
13152
10952
10678
10513
10649
10418
10650
10757
10518
10462
15340
14099
14041
13830
11661
10582
10703
10559
10538
10661
10377
10360
15361
14077
13328
12039
13959
10646
10616
10896
10900
12066
11417
10865
10570
13159
12524
12315
15167
13843
10811
11759
10860
10717
10557
10836
10646
10569
10796
10774
14642
14073
12750
11610
10471
10440
10747
10700
10674
10736
10716
10664
15172
14836
13416
12115
13978
10741
10613
10464
10437
10609
10369
10546
10603
13185
12417
11377
12913
11338
10354
10356
10668
11465
10534
10691
10564
10389
11610
10748
13098
13391
13256
11004
10484
10801
10993
10931
10813
11024
10856
10681
15737
14583
13212
12220
10891
11011
10970
10820
10991
10893
10787
10951
15655
14439
13416
12146
14746
12366
10831
10908
10694
10960
10809
10680
10411
12951
12408
11397
12971
11446
10540
10722
10542
10439
10505
10476
10412
10606
11247
10879
14109
13824
13179
10393
10595
10593
10407
10337
10581
10450
10335
10533
14229
14059
13210
12117
10440
10366
11354
10873
10327
10433
10701
10829
14696
14259
13083
11962
14760
12962
10726
10927
10672
10853
10814
10780
15746
15386
13437
13749
15081
10736
10937
10762
10708
10870
12855
12682
11482
12989
12080
11462
13443
12297
12192
10912
10632
10669
10830
10474
10635
10885
11706
10845
13235
13093
12592
10610
11605
10899
10816
10741
11013
10685
10515
10670
14898
14176
12998
12714
10656
10931
10859
10794
10888
10813
10623
10873
10762
12965
12648
11713
14141
12541
10933
11106
11112
10894
11129
11208
11032
11108
12217
11347
14478
14306
13625
11774
11041
10866
10834
10927
10797
10978
10931
10859
13160
12698
12723
14206
10906
10847
11039
11030
10805
11070
11008
10699
14301
14573
12697
12168
11711
11327
10684
10671
11015
10710
10839
10981
10685
13720
12505
11984
11801
10731
10740
10879
10680
10764
10890
10637
10718
13098
12270
11583
13943
13832
13046
11599
10931
10889
10960
10952
10917
11081
11651
11799
12978
11615
11122
11994
11190
11046
11111
10815
11033
11058
10909
11103
11208
13374
12202
11929
13495
10969
11034
11050
11123
10777
11059
12386
11387
13214
12570
10864
12323
11377
11076
10795
10772
10722
10519
10872
10756
12744
12146
11030
11642
10747
10565
10606
10846
10745
10556
10828
14829
14644
13505
13045
14430
13077
11850
10772
10601
10505
10582
10493
10694
13547
13261
12001
14296
11120
10783
10724
10646
10773
10817
10583
10562
10731
10623
11815
12738
11290
11666
10649
10560
10842
10725
10556
10850
10878
13433
13261
12240
14175
12358
11369
13036
10635
10773
10645
10949
10641
10508
10744
15310
13912
13044
11694
10657
10462
10405
10664
10520
10508
10840
10473
14395
14519
12834
11916
14072
11930
11257
10814
10434
10531
10619
10418
10537
13347
12141
11425
12961
11061
11175
11039
10917
11065
10878
10921
11076
10908
12389
13344
11717
12343
12459
11113
10900
11147
11068
10829
11144
10912
10922
11056
11061
13227
12795
12745
13064
10814
10872
11042
10961
10766
11067
11031
12733
12193
13623
12522
11960
13967
11611
10994
10844
10880
10989
10798
15358
14812
13088
13028
15621
10844
11618
11233
10980
10772
10767
10604
10610
13492
13208
11885
14187
11753
10692
10690
10658
10943
10718
10618
11118
10808
12062
11314
13716
12858
12468
11064
10774
10897
11012
10741
11021
11281
10899
11050
13025
14022
14765
13600
11829
11002
10762
10751
11016
10928
10736
10959
13310
13915
14503
13378
11478
10933
10904
10869
11064
10733
10767
11013
10908
10711
11701
11385
13526
12959
13042
11122
10487
10498
10658
10741
10578
11659
11884
10721
11464
11307
11580
10784
10556
10493
10451
10562
10324
10439
10559
11284
11276
14802
14911
12627
12644
13094
11250
10722
11208
10390
10718
10764
10596
13650
12609
11408
12108
11179
11465
10448
10648
10432
10547
10735
10421
10492
11375
11278
11067
11682
11226
10392
10504
10967
10610
10591
10739
10571
10447
11851
10979
11376
13081
12408
11267
10539
10299
10316
10687
10399
11653
11102
11398
11134
10502
10396
11045
10621
10471
10538
10351
10488
12967
12684
11759
13591
10571
10631
10244
10350
10995
10901
10808
10950
12060
12632
12007
13681
13296
12106
11152
11033
11164
10972
10945
11105
11064
11698
11621
13681
12868
11351
11010
11158
10949
11143
11164
11000
10941
11050
13006
13555
14231
13164
11177
10934
10849
10735
10863
10796
11709
11360
10853
13443
12274
11625
