13611
10225
9670
9421
9457
9559
9744
9658
9696
9626
9541
9682
9759
9700
9898
9770
9626
9576
9266
9432
9827
9698
9526
9859
9436
9469
9555
9439
9584
9838
9427
9582
9466
9774
9544
9674
9742
9658
9669
9681
9488
9784
9644
9721
9828
9711
9564
9725
9455
9411
9682
9357
10185
9896
9607
9632
9598
9312
9740
9720
9925
9950
9847
9789
9590
9666
9362
9341
10110
9890
9798
9716
9321
9221
9555
9307
9268
9856
9602
9558
9582
9370
9503
9690
9508
9955
9832
9594
9574
9385
9678
9685
9622
9773
9593
9630
9834
9814
9934
9567
9624
9950
9520
9608
10048
9672
10047
10132
9838
10617
9989
9696
9718
9750
10005
9846
9966
9797
9551
9554
9855
9803
9744
9953
9829
9927
9678
9634
10002
9611
9689
10077
9706
9928
9871
9781
10023
9929
9667
9676
9748
9972
9764
9703
9646
9520
9544
9603
9542
9718
9563
9485
9835
9515
9381
9795
9541
9619
9699
9641
9866
9729
9461
9983
9900
9749
9823
9884
9645
9578
9604
9838
9705
9826
9547
9607
9560
9746
9525
9865
9603
9551
9924
9756
9616
9839
9608
9781
9689
9580
9819
10011
9689
9602
9733
9861
11062
9773
9899
9811
9929
9889
9928
9901
9705
9668
9997
9821
9761
9921
9553
9513
10187
9983
9877
9754
9181
9418
9389
9247
9645
9756
9719
9681
9710
9494
9312
9408
9554
9562
9359
9607
9630
9917
9621
9532
9663
9529
9262
9582
9254
9685
9711
9486
9681
9707
9502
9632
9508
9457
9415
9442
9817
9821
9828
9655
9314
9366
9710
9531
9969
9728
9558
9952
9594
9571
9809
9628
9831
9863
9501
9961
9798
9451
9629
9689
9841
9821
9809
9846
9725
9745
9604
9433
9534
9509
9577
9987
9574
9505
9569
9349
9313
10063
9645
9829
9847
9493
9610
9643
9479
9925
9777
9947
9748
9635
9599
9763
9635
9841
9609
9657
9590
9520
10062
9934
9657
10090
9704
9862
10307
9844
9639
9802
9515
9804
9738
9473
10092
9918
9990
9968
9862
9980
9770
9916
9810
9786
9959
9603
9634
9977
9711
9631
9876
9530
9563
9877
9577
9793
9798
9483
10051
10039
9625
9913
9959
9816
9762
9677
9771
9685
9760
9773
9686
9774
9737
9670
10067
9841
9600
10112
9851
9862
9763
9463
9938
9760
9557
9746
9633
9474
9655
9655
9295
9834
9720
9915
9891
9904
9614
9798
9619
9785
9793
9927
9697
9741
10112
9886
9583
10018
9750
9832
10033
9804
9915
10794
9676
9599
9681
9545
10063
9998
9816
9747
9724
9835
9867
9900
9786
9676
9972
9845
9798
10166
9906
9688
9753
9549
9852
9768
9224
9692
9487
9283
9558
9599
9321
9706
9720
9461
9403
9589
9739
9797
9644
9561
9406
9719
9420
9535
9851
9720
9462
9824
9492
9531
9498
9448
9692
9934
9469
9690
9431
9256
9370
9475
9611
9573
9543
9579
9389
9332
9373
9470
9938
9732
9532
9872
9535
9483
9961
9591
9892
9893
9558
9575
9540
9227
9798
9795
9625
9877
9842
9795
9627
9568
9550
9409
9708
9831
9774
9892
9610
9508
9587
9333
9323
9909
9671
9571
9621
9349
9483
9649
9404
9805
9727
9405
9742
9701
9506
9476
9468
9739
9499
9654
9876
9809
10014
9818
9742
10062
9663
9720
9898
9591
10061
10095
9750
10094
10106
9785
9650
9692
9493
9892
9912
10017
9742
9860
9647
9606
9561
9703
9612
9898
9634
9630
10114
9774
9842
10063
9643
9738
9765
9655
9971
10002
9772
9636
9642
9348
9745
9634
9812
9742
9726
9540
9467
9644
9559
9522
10093
9721
9584
9883
9570
9595
9971
9827
9984
10009
9627
10119
9925
9786
9587
9688
9316
9754
9787
9782
9618
9816
9851
9917
9866
9823
9619
10026
9814
9884
10081
9845
9742
9897
9671
9990
9923
9838
9827
9906
9663
9860
9996
9655
9823
9730
9912
10081
10003
9842
9904
9867
10046
9977
9999
9706
9669
10202
9745
9759
9898
9621
10089
9980
9381
9725
9668
9434
9678
9748
9452
9484
9480
9481
9322
9476
9688
9681
9482
9679
9636
9623
9461
9359
9559
9434
9288
9601
9246
9119
9414
9227
9720
9662
9268
9732
9660
9206
9539
9653
9720
9743
9732
9547
9307
9349
9649
9520
10017
9779
9568
9674
9276
9254
9820
9622
9660
9776
9445
10062
9814
9422
9573
9573
9292
9530
9543
9667
9432
9534
9776
9543
9720
9803
9855
10073
9600
9522
9834
9627
9613
10077
9643
9651
9924
9501
9725
9851
9687
10053
9824
9705
9584
10518
9421
9587
9484
9647
9437
9547
9867
9777
9853
9748
9447
10267
9503
9629
10083
9851
9685
10173
9782
10027
10053
9777
10022
9961
9729
10058
9846
9989
9805
9883
9896
9858
9951
9788
9781
9951
9682
9621
10093
9824
9785
9915
9536
9475
9937
9696
10128
10135
9705
9921
9863
9656
9838
9733
9632
9507
9624
9662
9594
9654
9630
9606
10085
9912
9646
9858
9582
9624
10045
9764
9768
9636
9450
9784
9639
9515
9872
9895
9579
9834
9760
9868
9906
9935
9714
9835
9778
9582
9586
10126
9859
9891
10106
9883
9602
9680
9531
9298
10035
9864
9854
9999
9660
9897
9880
9818
9912
9919
10030
10026
9926
9662
9713
9785
9913
9880
9895
9807
9698
10162
9887
9748
9779
9557
9648
10027
9474
9738
9629
9488
9437
9610
9231
9815
9760
9690
9580
9702
9640
9615
9431
9814
9655
9834
9553
9609
9823
9682
9481
9761
9342
9314
9462
9334
9678
9833
9427
9729
9521
9317
9431
9501
9892
9850
9776
9789
9783
9544
9685
9609
9762
9698
9392
9869
9575
9519
9701
9341
9468
9624
9362
9866
9801
9529
9653
9637
9485
9658
9609
9899
9883
9815
9459
9425
9729
9641
9594
10031
9681
9531
9799
9567
9559
9978
9659
9645
9883
9571
9527
9672
9495
9953
9815
9570
9645
9565
9787
9822
9765
9623
9371
9506
9855
9877
9771
9637
9681
10132
9724
9828
9926
9540
9544
9913
9592
9998
9939
9796
9871
9936
9741
9750
9773
9845
9609
9670
9881
9804
9790
9810
9665
9779
9899
9834
9971
9608
9661
9844
9454
9351
9946
9836
