13649
10197
10887
9634
9944
9918
9670
9868
11070
9738
9636
9530
9815
9752
9534
9837
9521
9409
9699
9656
9499
10069
9847
9957
9849
9892
9694
9907
9882
9783
9963
9952
9572
9825
9752
9556
9869
9812
9642
9783
9615
9638
9646
9585
9667
9876
9664
9602
9662
9982
9638
10003
10076
9841
10028
9892
9664
9936
9727
9575
9952
9911
9815
9912
9642
9703
9822
9643
9751
9889
9865
9611
9731
9779
9551
9727
10134
9827
10066
10083
9860
9974
9766
9778
10017
10030
9775
9988
9790
9626
9834
9785
9643
9972
9928
9781
10038
10043
9853
10016
9947
9799
9935
9873
9956
10199
10193
9984
10131
9996
9792
10102
10046
9999
10124
9966
9770
10119
9997
9952
10045
10093
9858
10009
9894
9849
9914
9863
9671
9997
9824
9681
9923
9770
9747
9862
9782
9615
9833
9753
9737
9855
9792
9751
9701
9725
9650
9726
9679
9469
9771
9772
9520
9699
9529
9419
9667
9575
9409
10166
10019
9865
10098
10111
9836
10129
9966
9979
10025
10001
9842
10038
10040
9991
10030
9983
9715
10031
9846
9683
9936
9938
9857
9939
9773
9753
10094
10013
10082
10239
10025
10022
10139
10118
9834
10173
10104
9837
10135
9977
9819
10083
9897
9836
10025
9995
9909
10021
9862
9837
9966
9921
9820
9982
10127
9849
9905
9782
9743
9847
9847
9638
9873
9831
9612
9709
9626
9485
9738
9745
9547
9708
9542
9354
9604
9483
9398
9694
9712
9547
9519
9515
9837
9882
9953
9977
10014
9830
9597
9933
9814
9535
9886
9780
9602
9968
9627
9636
9723
9695
9585
9844
9723
9698
9814
9779
9654
9787
9746
10042
10104
10037
9639
9980
9771
9717
10024
9885
9868
10043
9750
9638
9869
9696
9791
9999
9879
9789
9824
9773
9651
9724
9797
9642
9813
9812
9577
10021
9858
9688
10046
9952
9743
10006
9798
9629
9844
9904
9697
9976
9806
9923
9997
10093
9885
10040
9921
9899
10004
9935
9686
10031
9883
9652
10246
10172
10073
10116
10021
10053
10104
10062
10801
10198
9988
9968
10023
10047
9741
10067
9992
9701
9985
9820
9724
9957
9789
9708
9836
9780
9704
9889
9923
9882
9968
9932
9847
9900
9851
9704
9821
9840
9658
9891
9797
9575
9785
9802
9648
9863
9591
9547
9767
9791
9454
9826
9555
9427
9616
10062
9885
10180
10110
10111
10100
10131
9925
10027
10028
10042
10051
9938
9700
10046
9926
9741
9987
9943
9699
9949
9724
9884
9855
9831
9630
9906
9896
10088
10296
10228
10075
10196
10135
10133
10148
10087
9866
10213
10034
9827
10089
10050
9957
10060
9949
9770
9991
9946
9915
10062
10019
9880
9734
9672
9666
9807
9857
9623
9812
9814
9611
9742
9575
9460
9765
9616
9432
9750
9451
9426
9602
9613
9387
9659
9618
9557
9591
9529
9365
9561
9554
9509
10004
9970
9591
9909
9834
9629
9938
9947
9834
9896
9704
9696
9792
9699
9795
9952
9765
9690
9809
9763
9574
9760
9835
9644
9912
9703
9411
9882
9785
9587
9926
9908
9871
9896
9696
9836
9793
9630
9705
9888
9779
9567
9689
9683
9521
9682
9812
9520
9706
9728
9551
9616
9468
9284
9722
10108
9835
10060
9862
9706
9907
9795
9724
10053
10013
9839
10079
10103
10022
10031
10013
9974
9961
9921
9738
10054
9939
9721
9912
9875
9563
9890
9885
9861
9923
9809
9636
9934
9825
9776
9910
9873
9719
9878
9715
9733
9791
9685
9490
9795
9585
9576
9719
9549
9651
9714
9612
9445
9634
9602
9772
9902
9837
9772
9813
9839
9623
9851
9768
9580
9811
9782
9675
9812
9604
9460
9732
9629
9444
9742
9558
9455
9625
9738
9397
9686
9519
9604
10024
10036
9854
10033
10020
9993
10044
10014
9741
9975
9961
9668
10003
9972
9805
9948
9747
9811
9785
9825
9817
9924
9714
9718
9834
9868
9614
10003
10049
9860
10025
10003
9717
10026
9854
9712
10021
9974
9933
9923
9817
9788
9902
9828
9823
9886
9845
9660
9569
9584
9374
9608
9543
9330
9564
9866
9678
9832
9674
9455
9863
9852
9504
9820
9517
9484
9648
9643
9554
9768
9741
9632
9583
9643
9414
9602
9604
9567
9670
9518
9209
9587
9962
9723
10034
9923
9778
9995
9772
9748
9814
9715
9629
9958
9865
9885
9930
9849
9684
9861
9896
9811
9958
9805
9471
9824
9590
9490
9886
9713
9767
9958
9748
9519
9731
9627
9722
9924
9790
9810
9753
9655
9582
9650
9763
9513
9731
9816
9468
9624
9452
9328
9652
9622
9418
9629
9424
9484
9803
9737
9577
9822
9655
9755
9952
9902
9761
9876
9742
9762
9755
9747
9540
9861
9716
9549
9831
9663
9557
9751
9637
9606
9695
9538
9508
10019
9827
9846
9992
9983
9735
10072
9865
9641
9863
9834
9635
9917
9720
9658
9796
9741
9746
9766
9718
9764
9746
9709
9619
9740
9683
9555
9849
9818
9770
9973
12443
11544
11091
9539
9726
9765
9484
9633
9496
9544
9816
9512
9559
9568
9425
9535
9596
9532
9565
9681
9475
9522
9540
9534
9896
10153
9985
9998
9914
9864
9909
10143
9869
9845
9980
9810
9678
9841
9936
9777
9826
9785
9798
9983
9927
9717
9917
9878
9664
9990
9822
9657
10070
10009
9956
10081
9922
9954
10056
10049
9937
10095
9835
9954
10060
10010
9827
10050
9713
9563
9762
9661
9552
9804
9588
9627
9604
9613
9350
9572
9490
9619
9595
9446
9446
9466
9277
9479
9621
9411
9511
9576
9354
9343
9469
9369
9300
9621
9450
9294
9480
9161
9190
9404
9742
9282
9454
9868
9669
9806
9755
9774
9869
9861
9626
9793
9813
9683
9809
9625
9663
9942
9614
9634
9681
9492
9512
9685
9599
9760
9744
9781
9538
9583
9851
9750
10009
10032
9861
10076
9733
9759
9896
9838
9713
10016
9686
9728
9866
9738
9529
9715
9646
9666
9897
9648
9581
9692
9436
9547
9698
9758
9822
9972
9939
9926
10013
9942
9734
9979
9879
9748
9796
9693
9715
9919
9603
9635
9723
9586
9584
9745
9791
9671
9696
9523
9639
9802
9725
9942
10154
10108
9808
10147
10031
9833
9950
9907
9799
9948
9749
9765
9922
9867
