14152
10261
9692
10202
10252
9846
10026
10181
9980
10053
9908
9956
10073
9582
9952
10327
9832
9523
10157
9882
10015
9961
10086
10036
10274
9892
9847
10021
9727
9701
10047
10015
9757
10155
9640
10032
10071
9772
9951
10184
9800
9841
10162
9771
9755
9999
10179
10023
9971
10064
9911
10097
9918
9933
10487
9962
9890
10191
9743
9535
10258
10188
9883
9932
9758
9694
10061
9663
9831
10145
10333
10028
10171
9902
10009
10144
9938
10177
10425
10139
9707
10127
9504
9635
10325
9894
9681
10082
9964
10096
10038
9602
10031
10364
9995
9993
10225
10427
10149
10399
10066
10052
10068
10126
9945
10037
9764
9885
10472
10101
9943
10417
10247
9941
10120
10118
10134
10079
10008
9998
10330
9908
10209
10432
10124
10046
10293
10143
10010
10077
10124
10221
10223
10156
10069
10317
10113
9865
10235
10122
9775
10143
10110
10076
10000
9961
9909
10155
9780
10046
10265
10157
9723
10301
9940
10181
10297
10133
10192
10276
9969
10062
10395
9931
9960
10226
10147
9909
10263
9973
9926
9976
10223
10449
10519
10018
9775
10178
10205
10009
10127
10108
9804
10134
10328
10030
9918
9786
10181
10344
9989
9870
10415
10273
9974
10351
10385
10307
10357
9934
10029
10458
10158
9984
10295
10509
10075
10514
10011
9778
10196
10287
10070
10044
9989
10045
10151
9768
9853
10187
9829
9722
10197
9943
9923
9932
9794
9752
10184
9702
9779
10249
10019
9927
10093
9660
9662
10141
10021
10016
10041
9859
9893
10178
9908
9849
10029
10066
9810
9980
9927
9921
10114
9948
9990
10318
9882
9778
9905
10204
10023
10196
10228
9885
9887
9728
9970
9990
10561
10120
10420
9908
9613
10311
9848
9610
10043
10041
10083
10005
10060
9905
10273
10022
9838
10209
10064
9934
9948
10150
9868
9857
9790
10142
10155
10123
9716
10284
9782
9661
10305
10164
9916
10152
10016
9805
9851
9759
10250
10278
9944
10118
10453
10055
10109
10161
10122
9844
10129
10143
10201
10253
10116
10246
10234
9817
9815
10162
10168
9840
10185
10119
10163
10223
10015
9973
10514
10200
10233
10409
10122
10105
10379
9947
9734
10345
9878
10133
10204
10198
9895
10297
9839
9865
10429
10136
9817
10228
10275
10324
10212
9983
10093
10524
10003
9972
10408
10071
9761
10339
10306
9985
10052
10012
10215
10261
10020
10136
10463
9914
9884
10141
10120
9759
10328
9997
10393
10270
9999
10317
10529
9967
10224
10166
9649
10005
10454
10350
9976
10204
10245
10161
10250
10369
10065
10297
10011
10004
10372
9985
9987
10169
10175
10404
10294
10122
10081
10435
10048
10105
10278
9938
9955
10190
10195
9857
10123
10077
10260
10354
9879
10151
10051
9689
9958
10085
9977
9782
10241
9996
9808
9907
9959
9975
10105
9888
9920
10082
9475
9852
10101
9920
10170
10170
9899
10166
10063
9985
9801
10091
9911
9805
10067
10126
9740
9963
9738
10007
10118
9938
9868
9914
9804
9737
10176
9723
9698
10264
10196
9916
10086
10143
9874
9862
10157
9903
10211
9694
9677
9976
9846
9552
10321
10258
10172
10266
9930
9739
10001
9860
9920
10146
9821
9819
10095
10192
9801
10093
10058
10162
10081
9995
9972
10161
9697
9744
10346
10037
9816
10125
9924
9974
9880
9753
9942
9928
10145
9765
10419
10107
10023
10418
10115
9822
10248
10167
10095
10205
10185
9911
10486
10166
10094
10447
10465
10044
10211
10379
10101
10048
10082
10264
10256
9866
10205
10254
9684
10017
10374
10164
10001
10357
10127
10339
10272
10132
9951
10428
10218
10101
10249
10482
9861
10338
10032
9824
10257
10188
10001
9946
10011
10115
10491
10149
9799
10388
10122
9930
10444
10004
10197
10207
10050
10094
10442
10033
10211
10417
10327
10206
10110
10395
9909
10252
10263
10088
10033
9787
9991
10187
9669
9824
10471
10138
10644
10406
9972
10031
9937
9792
10344
10293
9919
10170
10473
10436
10148
10166
10395
10110
10121
10055
10119
10130
9903
10162
10421
10066
9882
10499
10108
9780
10358
10312
10360
10372
10040
10330
10054
10187
9766
10209
10098
9955
9948
10033
9653
10032
9673
9986
10133
9686
9798
10307
9744
9936
10217
9969
9933
9911
10108
9881
9855
9995
10153
10189
9895
9942
10384
10076
9825
9992
9951
9761
10167
9947
9981
10001
10061
9629
10224
9949
9727
9992
10120
9885
10170
9707
9895
9921
10043
10180
10282
9893
9936
10062
9778
9709
10326
10262
10051
10208
10121
9760
9850
10014
9816
10172
9672
9869
10101
10263
10029
9893
9922
9905
9966
9974
9947
10097
9607
9625
10259
9753
9667
10334
9950
9699
10102
9970
10115
10022
10197
9901
10327
9902
10160
10404
10370
10161
10387
9856
10033
10096
10138
10088
10291
9828
9974
10170
9892
10094
10304
10202
10136
10068
10263
10030
10026
10009
10293
10473
10184
9864
10194
9946
9731
10131
9931
10117
10205
10200
9867
10526
10083
10198
10284
10082
9968
10317
10159
9757
10269
9986
9857
9951
10022
10233
10271
10000
9908
10337
9936
9745
10114
9897
10017
10063
9869
10164
10483
10013
9889
10421
10118
10033
10051
10289
10005
10078
10282
10077
10088
9858
10068
10484
9974
10027
10249
10274
9884
10368
10298
10167
10196
10228
9999
10583
10207
10017
10379
9946
10011
10432
10292
10091
10216
10178
10242
10296
9928
10091
11205
10208
10300
10320
10256
9921
10240
10344
10064
10170
10134
10386
9981
10005
9735
9981
9642
9821
10223
10259
9744
10165
9613
9735
9897
9904
10025
10329
9978
9620
10259
10029
9958
10159
10122
10017
9996
10063
9849
9892
10085
9872
10347
9951
9587
10119
9764
9613
9940
9733
10040
10131
10041
10003
10210
9758
10024
10039
9953
9672
10161
10036
9935
9933
9957
10066
10073
9867
9660
10183
9652
9615
10295
10419
9923
10034
9750
10098
10035
9962
10080
10387
9976
9915
10303
9939
9586
10083
9824
10272
10252
9943
9981
10040
9838
9921
10394
9912
9760
10275
9796
9623
10109
9945
9970
9952
10208
9902
10587
10268
10276
10287
10128
9946
10160
9988
10200
10314
10150
10218
10399
10249
9902
10187
9902
10090
10279
10486
10164
10065
10029
10034
10104
10079
10238
10262
9730
10139
10138
10275
10084
10257
9976
9795
10176
9968
10147
10019
