12269
9009
8900
8925
8722
8862
9168
8862
8690
8959
8700
8834
9169
8859
8751
8989
8620
8910
9128
8762
8980
9020
8713
9095
9129
8755
8942
8871
8967
9080
9180
8836
8710
8937
9113
8873
9179
8895
8871
9133
8922
8769
8922
8568
8770
9126
8870
8894
8983
8641
8837
9268
9047
9162
9244
9039
9135
9356
9120
8959
9249
9002
9203
9505
9146
8980
9186
8826
9044
9090
8807
8864
8904
8949
9021
9059
8878
9055
9023
9046
8821
9053
8739
8596
9482
9242
9177
9305
8958
8830
9380
9001
9236
9253
8948
9105
9562
9173
9327
9318
8972
9202
9241
8971
8962
9089
8838
9125
9280
8984
8899
9072
8960
9229
9474
9087
9191
9305
9198
9310
9402
9067
9286
9265
8971
9086
9110
8854
8776
9283
9095
8951
9156
8849
8744
9255
9096
8928
9157
8804
8895
9248
8940
9131
9072
8732
9068
9135
8858
9023
9037
8782
8915
9106
8880
8728
9011
9281
9209
9387
9115
8949
9190
9130
9317
9348
9070
9164
9191
8966
9076
9062
8780
8891
9546
9226
9133
9312
9062
8925
9283
8995
8877
9045
8838
8649
9330
8972
9138
9226
8864
9132
9232
8907
9047
9093
8799
9205
9271
9005
8872
9088
9151
8938
10276
9060
8831
9036
9391
9248
9464
9090
9217
9260
9137
9260
9036
8717
8904
9319
9010
9226
9157
8957
8725
9295
9103
8942
9203
9026
8862
9327
9051
8895
9215
8823
9338
9377
9003
9112
9101
8792
9162
9245
8998
9082
9165
9198
9032
9202
9020
8897
9113
9189
9135
9498
8984
8866
9066
8928
9062
9146
8824
8886
9157
8793
8907
9054
8795
8904
9161
9048
8740
8956
8692
8576
9961
9199
9050
9256
8998
9223
9408
9008
9235
9234
8956
9073
9082
8777
8870
8887
9200
9332
9393
9103
8907
9209
9206
9112
9336
9110
9014
9194
9151
9021
9249
8899
9135
9313
9002
9121
9259
9009
9082
9538
9183
9292
9297
9098
9018
9396
9134
8983
9181
8930
9020
9189
8979
8834
9108
8738
9348
9396
9092
9252
9323
9240
9349
9406
9061
9178
9236
9205
9126
9308
9075
8956
9138
9283
9086
9333
9131
8980
9301
8924
9025
9040
8844
8844
9266
8974
9054
9132
8813
9177
9297
8972
8842
9051
8862
8904
9221
8990
8889
9056
8792
9165
9441
9029
9176
9230
9006
9096
9073
8793
8954
8968
8955
9142
9187
8887
8717
8949
9063
8925
9165
9023
8851
9441
9188
9040
9257
8901
9783
9475
9123
9257
9346
9011
9286
9292
8967
9079
9204
8937
9279
9501
9310
9168
9365
9102
8998
9222
8999
8874
9125
9281
9396
9421
9160
9195
9085
8770
8911
8961
8707
8845
8931
9211
8788
9022
8710
8597
9478
9150
9023
9207
8986
8893
9154
8802
9009
9045
8741
9161
9149
8851
8956
8951
8748
9091
9037
8846
8632
8876
8599
9027
9343
9146
8965
9191
8934
8751
8978
8704
8853
8874
8890
8901
8977
8651
8746
8796
9015
9096
9148
8969
8743
9126
8887
8812
9024
8797
8652
9465
9129
8949
9186
8827
9216
9263
8998
9026
9032
8778
8993
8994
8827
8936
9050
8769
9102
9318
9121
8979
10007
9080
8872
9072
8881
8620
8882
8832
9078
9128
8822
8975
9044
9211
9327
9344
9019
9178
9379
9080
8968
9201
8996
8807
9362
9143
8928
9252
8967
9297
9499
9202
9302
9282
9012
9131
9260
8960
9049
9089
8760
9132
9245
8944
8963
9113
9275
9116
9312
9150
8966
9176
9239
9134
9325
8987
9077
9211
8949
9082
9130
8719
8825
9286
9049
9132
9177
8955
8780
9361
8924
8871
9082
8809
9290
9511
9179
9027
9265
8939
9256
9300
8978
9085
9091
8827
9209
9245
8974
9112
9134
9214
9090
9323
9119
8900
9183
9218
9102
9295
10035
8943
9133
8988
9178
9168
8909
8937
9353
8981
9163
9177
8882
9005
9291
9047
8903
9117
8898
9033
9293
9037
8941
9118
8930
9022
9250
8890
9052
9108
8760
9420
9296
8987
9045
9081
8880
8983
9008
8774
8676
8852
9080
8956
9367
9002
8896
9172
8868
8930
8988
8595
8832
9098
8786
8879
8914
8561
8704
9096
8811
8886
8970
8737
8864
9194
8815
8773
8982
8826
9101
9264
9117
8811
9071
8660
8983
9068
8716
8901
8948
8798
9027
8957
8771
8863
8969
8960
8753
9049
8708
8580
9425
9174
9046
9260
8895
8867
9419
8989
9123
9172
8882
9037
9195
8821
8930
9059
8765
9129
9150
8930
8678
8956
8705
8817
9142
8897
8788
8992
8745
9109
9266
8981
9199
9249
8953
9071
9173
8833
8939
8980
9193
9386
9397
9107
9035
9259
9117
8894
9097
8906
8764
9492
9288
9130
9403
9033
9107
9348
8994
9102
9226
8909
9209
9194
8865
8941
9027
8776
8993
9241
8981
8813
9033
8766
8942
9130
9032
8845
9153
9105
9169
9234
8935
8961
9073
8881
9082
9082
8810
8870
9299
9069
8925
9136
8865
8712
9314
8982
8846
9075
8800
8721
9156
8889
8958
9072
8746
9238
9319
9026
9075
9148
8863
9091
9136
8918
8859
8969
8713
8916
9226
8957
8755
9033
9022
8908
9089
8784
8916
9004
9007
9057
9234
8865
8912
9262
8996
9079
9169
8899
8767
9521
9333
9155
9413
9148
9015
9360
9095
8876
9137
8766
9216
9237
8930
9069
8832
8533
9058
9040
8785
8882
8888
8725
8823
8972
8759
8659
8897
9142
9043
9273
8933
8789
9017
8944
9118
9151
8855
8984
9036
8731
8912
8870
8630
8766
9207
8950
8705
8923
8688
8531
9164
8893
8763
9004
8702
9073
9321
8991
9157
9149
8868
8965
9027
8693
8824
8861
8655
9079
9127
8922
8691
8913
9164
9022
9395
9114
8995
9176
8975
8840
8999
8677
8878
9243
8957
9097
8978
8666
8870
9261
9031
9167
9163
8930
8724
9084
8937
8747
9073
8776
9168
9415
9899
8952
9239
8823
9174
9248
8940
9030
9204
8839
9312
9354
8968
9091
9155
9146
8972
9239
8954
8806
9041
9025
8876
9107
8911
8766
9308
8998
9048
9119
8782
8865
9333
9042
9172
9182
8815
8927
9259
9040
9152
9144
8952
9105
9252
8982
8884
9091
