16153
12440
12284
14462
14804
16521
14308
12072
12237
11141
11105
9660
11003
12129
11572
9841
11091
11921
11531
9742
10883
12376
10886
9832
10215
11296
11533
10095
10918
11620
10907
9769
10464
11739
10848
9884
11226
11850
11173
9741
9403
11917
11372
10759
14353
13868
12767
11236
14832
12745
11508
9981
13556
12795
12730
11727
14133
13595
11990
10772
14222
12494
11922
11226
13891
13319
12266
11995
15044
12599
11866
11255
13705
13057
12242
11125
14224
13626
12268
10749
13897
12770
12018
11095
14185
13034
12425
11425
13667
13307
12655
11981
15076
12189
11056
10608
14491
14248
12707
12025
14569
13305
12419
11542
14635
13375
12282
11485
15149
12002
11433
10717
14032
12510
11821
11274
14234
12912
12448
9300
15220
23548
20093
19651
22494
21898
19614
16641
18653
11658
11119
10821
14223
13181
12080
11087
13897
13513
12752
12634
16050
14238
12415
11317
14327
13099
13247
13022
14827
14055
12114
10293
13369
12669
12565
11916
15471
11564
10748
10042
10918
11790
11142
9531
9256
11597
11250
10689
13482
13400
12548
12442
15725
13613
12484
9332
13540
13109
12394
10873
14503
12465
11522
11123
14194
13026
12520
9541
13378
12565
23290
20243
22281
21295
19512
17986
19411
17071
14006
11060
11203
11728
11303
9833
12229
12315
12464
9765
13718
12650
12417
11819
14033
13615
12574
12504
15462
11142
19701
17818
20235
16657
18184
19640
16762
16520
15546
14145
18175
15178
12996
11819
15247
12662
12136
10320
10968
12077
11215
9879
14108
13158
12106
12381
14958
12605
12225
11249
15203
13522
13421
12700
13951
13355
12415
11965
14442
12689
12000
12065
15518
16212
13548
12197
11348
12649
11726
10945
10879
11747
11201
9832
10458
11025
9505
13484
14253
13445
11611
11188
14303
13659
13973
11296
11239
14027
10682
10812
13744
13405
13085
12845
14197
13624
14092
13956
17590
14741
13337
15881
12254
15016
11771
10848
9469
11012
12392
11833
10303
10749
10770
9735
13570
12700
12240
16466
11778
11220
9918
10695
9945
13888
13267
12761
12438
16023
14771
13598
14544
13924
12437
12089
14350
14234
12802
16024
14069
11754
18715
18756
16611
11829
10126
11716
9594
12374
17315
9252
13885
13134
11956
12116
14825
12865
13178
12934
16665
11170
11063
11236
13701
13076
12312
10818
14456
12896
12037
11072
13630
13300
12975
13298
12778
14204
12192
10896
10851
11613
10733
9676
10267
9282
10251
10508
12804
12655
13989
12026
10999
13890
11807
9579
13895
13298
12533
15856
11119
12974
12375
12361
14546
13673
12862
12143
12196
22645
20648
11799
19851
18450
15202
11593
10815
9608
10609
10488
10152
12017
11599
10453
13920
13271
13417
12417
13848
13059
12299
11921
15546
11746
11530
10630
12311
12662
12736
13930
12993
12206
13784
11392
13317
15586
12742
11790
9906
12189
10583
11515
12018
13092
13390
11892
12109
11972
11275
10986
13113
13239
11617
15044
10870
11834
11431
11320
14860
13587
13507
12784
16111
12986
15772
12218
13902
10479
13409
11264
14912
11417
12993
11567
10464
10905
10882
9790
11370
11845
10973
9588
10465
10573
9544
9341
12335
13223
13340
12682
14033
9920
13085
12252
11614
10340
13562
11366
13606
13572
13541
12730
17297
15311
16994
15817
15655
12355
13201
11122
11519
11141
13349
13710
12210
13460
11975
11055
9786
9448
9856
10330
10798
11012
11910
11060
10094
9782
9464
10595
9612
9495
10617
9635
9220
10479
9365
9340
9280
10940
10961
9604
9241
12318
12799
11704
10952
10633
10169
10505
10436
10342
9507
9287
9577
11093
10699
9834
13503
12475
13077
11925
10352
14124
12693
12716
13554
16420
16242
14311
14120
13225
12508
15854
14343
11624
13283
12475
11744
14543
12952
13225
15703
12908
13754
12278
14244
12990
12323
11960
15152
13438
12337
11627
15156
14181
13299
14214
12628
11676
12193
11350
12778
12819
13236
11575
9989
11022
10826
9687
9526
10878
10879
10230
9829
9549
9803
9839
9612
10840
10659
9937
10713
9657
9668
9710
13639
12706
12985
11709
14353
13153
10333
10574
9888
13483
12805
12599
11366
14281
12533
11557
13524
13103
13826
15918
13000
13770
13305
12393
14594
10171
11994
11775
11668
14843
11218
11486
9569
15950
16012
14258
12195
13311
14938
18263
12964
16312
15843
14269
13002
15869
13984
13166
15300
13667
14174
13431
12737
11759
15115
12043
14510
10854
14386
12521
11931
10776
12506
11515
10598
13286
10934
10013
11226
11439
11369
9662
10342
9685
10130
10129
11582
11617
11232
10813
10639
9315
9485
10248
11702
11912
11308
10829
9516
9831
10732
13365
13428
13747
12272
14786
15684
12305
11106
11150
10839
11233
14959
13559
12119
9810
11821
10871
10863
14252
13639
12916
10757
13179
13128
11476
11598
14470
15847
13233
12106
13281
14017
12617
13498
11627
11231
10308
12760
13793
13090
12064
14511
11094
12686
12246
10281
9242
9313
11452
10919
10314
9662
9455
9414
11260
10553
9370
9431
14219
12814
13008
12031
12827
12453
11099
10590
9640
9540
9716
9558
12609
12055
13470
11462
10473
13112
12035
12213
13839
13851
12526
14372
12317
12243
14303
13939
13030
12702
14911
11326
13666
12230
14314
10785
14770
13417
13907
10994
13579
10063
12275
10212
13722
12870
13017
12299
14230
13660
11704
13689
13946
13299
12100
16041
11900
12744
14772
11725
12569
11080
12017
10934
9600
10871
9859
9570
9928
9452
12041
11260
10354
11402
11506
9698
9686
10790
11673
11066
12079
10653
11573
9623
10542
9472
10223
9761
12075
10899
12125
11424
13303
14274
15322
12482
14179
11125
12704
12016
12886
11559
11315
11098
10382
11290
11081
21288
20746
21235
18243
21013
17131
16157
17689
15703
17886
15761
16687
14587
13737
13238
13502
14148
12137
14823
13467
13381
15035
12393
12396
15011
11306
13596
13610
13577
12987
11610
11436
13222
10742
9707
10742
9256
10481
9689
9431
9370
9353
9187
10296
9471
9093
10988
10810
10931
11565
12084
10004
9468
9055
9059
10375
9405
9964
9937
10593
11406
11743
12944
10983
11826
11078
13326
13476
13745
11354
10661
11607
10108
12983
14295
18090
16589
14400
12296
15263
13358
15415
12923
14178
13911
10914
13366
11680
11187
13799
14466
13272
13938
12785
14240
15189
12992
14543
12512
13756
12765
13244
14493
12284
13865
13951
11939
10617
10357
10430
9595
9429
