14329
9548
8814
9483
9363
9317
9503
9210
9181
9289
9052
8958
9335
9191
9385
9569
9201
9134
9359
9241
9270
9377
9232
9092
9230
9086
9006
9214
8985
9109
9206
8865
8887
9019
8842
9291
9456
9476
9263
9394
9234
8943
9144
9030
8982
9222
9208
9068
9337
8942
8928
9147
9178
9132
9195
8880
8896
9621
9332
9223
9620
9306
9351
9483
9127
9327
9306
9190
9427
9727
9574
9301
9493
9374
9192
9430
9186
9234
9744
9364
9302
9465
9385
9320
9551
9353
9313
9442
9221
9029
9240
9127
9077
9346
8996
9015
9356
9105
9030
9237
9496
9537
9747
9385
9524
9610
9564
9463
9553
9343
9281
9505
9468
9208
9463
9231
9184
9382
9212
9097
9278
8987
9533
9714
9528
9376
9634
9370
9427
9547
9261
9344
9636
9291
9226
9464
9254
9155
9453
9267
9073
9325
9156
9188
9464
9202
9096
9279
9075
9169
9288
8981
9004
9165
9164
9116
9448
9377
9161
9343
9047
8947
9247
9029
9013
9751
9633
9400
9659
9512
9350
9502
9354
9327
9526
9175
9324
9478
9356
9348
9460
9170
9243
9400
9306
9039
9648
9432
9338
9655
9412
9228
9631
9237
9210
9509
9330
9362
9507
9207
9278
9425
9133
9115
9384
9148
9171
9333
9286
9258
9573
9415
9242
9480
9303
9099
9202
8886
8768
9561
9364
9390
9529
9172
9134
9299
9171
9228
9424
9187
9296
9467
9171
9037
9292
9174
9011
9276
8964
8962
9355
9003
9019
9195
9022
9042
9243
8950
8939
9030
8877
9236
9603
9329
9303
9484
9271
8999
9303
9027
9197
9297
9471
9369
9470
9203
9191
9402
9453
9218
9518
9167
9146
9278
9001
9135
9324
9050
8994
9240
8875
8849
9050
9050
9124
9343
9234
9050
9223
9095
8860
9076
9009
9000
9158
9295
9201
9465
9141
9065
9440
9314
9169
9353
8914
9098
9337
9173
9202
9402
9214
9047
9404
9241
9242
9314
9397
9400
9537
9177
9373
9450
9352
9204
9299
9022
9092
9749
9687
9452
9698
9539
9310
9653
9429
9289
9556
9211
9495
9695
9537
9447
9615
9268
9445
9509
9249
9199
9450
9168
9234
9367
9198
9152
9419
9178
9034
9318
9133
9241
9468
9321
9221
9411
9075
9166
9320
9036
9015
9294
9554
9485
9698
9565
9455
9675
9406
9223
9609
9373
9193
9748
9437
9457
9653
9322
9270
9516
9324
9378
9565
9242
9270
9442
9302
9175
9383
9236
9137
9280
9086
8909
9221
9181
9370
9470
9281
9188
9364
9063
9052
9288
9201
9489
9746
9408
9467
9605
9377
9435
9548
9237
9254
9488
9545
9514
9804
9690
9431
9774
9609
9351
9374
9186
8963
9538
9332
9415
9575
9209
9215
9414
8991
9065
9384
9207
9162
9277
8991
8873
9172
8988
9063
9150
8983
8794
8966
9187
9068
9192
9043
9097
9267
8968
8909
9083
8895
9252
9425
9118
9256
9322
9184
8916
9161
9037
8946
9203
9536
9304
9560
9186
9141
9434
9387
9316
9454
9144
9072
9506
9231
9186
9586
9288
9345
9508
9144
9036
9297
9149
9222
9511
9295
9112
9371
9167
9046
9224
8995
9041
9238
9262
9139
9314
9214
9207
9396
9234
9217
9368
9058
9035
9339
9165
9073
9381
9026
9021
9427
9081
9055
9242
9453
9476
9682
9377
9512
9615
9450
9313
9544
9331
9248
9719
9669
9442
9740
9449
9420
9650
9418
9311
9523
9215
9293
9516
9352
9171
9441
9137
9290
9347
9146
9164
9330
9486
9405
9634
9484
9396
9603
9525
9268
9560
9343
9452
9729
9506
9377
9548
9368
9470
9542
9232
9312
9436
9433
9377
9669
9527
9524
9609
9271
9215
9505
9315
9339
9567
9377
9165
9416
9253
9173
9253
9035
9163
9254
8942
9312
10585
9330
9240
9453
9219
9217
9392
9290
9023
9224
9385
9240
9575
9344
9137
9510
9148
9174
9319
9255
9625
9750
9422
9493
9657
9346
9310
9604
9255
9342
9503
9578
9530
9769
9590
9445
9754
9589
9359
9407
9142
9076
9421
9297
9367
9517
9177
9141
9323
9220
9164
9433
9170
9275
9482
9189
9027
9266
9147
9015
9358
8993
8978
9196
9210
9223
9503
9254
9282
9427
9137
9125
9302
9163
9206
9468
9318
9191
9373
9151
9040
9210
8983
9063
9250
9300
9123
9252
8947
8960
9151
9116
8968
9197
8868
8874
9357
9058
9131
9396
9081
9064
9255
8868
8819
9090
8908
9140
9385
9226
9065
9190
9026
8873
9103
8924
8981
9141
9276
9152
9335
9030
9013
9352
9293
9155
9267
8909
9027
9297
9147
9178
9597
9188
9010
9343
9224
9128
9239
9247
9292
9468
9144
9280
9419
9201
9196
9284
8959
9023
9712
9613
9385
9652
9555
9268
9553
9363
9200
9539
9164
9498
9760
9618
9468
9594
9348
9429
9522
9277
9203
9449
9178
9224
9364
9210
9101
9414
9222
9016
9256
9137
9219
9474
9305
9216
9284
9147
9123
9304
8969
8929
9216
9419
9267
9563
9349
9235
9410
9199
9062
9287
9149
9022
9732
9451
9440
9648
9287
9241
9487
9274
9358
9540
9231
9463
9627
9482
9365
9652
9457
9364
9518
9363
9157
9411
9248
9327
9493
9320
9263
9439
9140
9092
9322
9272
9546
9827
9474
9566
9746
9410
9446
9642
9315
9328
9531
9417
9355
9650
9493
9266
9557
9405
9190
9186
9008
8810
9526
9369
9378
9559
9209
9182
9424
9094
9038
9362
9259
9192
9319
8933
8869
9168
8989
8994
9170
9027
8805
8994
9395
9293
9465
9282
9317
9472
9154
9159
9277
9106
9103
9579
9281
9319
9521
9249
9108
9290
9328
9062
9354
9187
9065
9339
8989
8926
9132
9148
9126
9205
8948
8870
9503
9291
9198
9650
9339
9423
9468
9154
9034
9339
9210
9173
9457
9319
9060
9244
9086
8988
9052
8984
9066
9187
9223
9158
9339
9164
9081
9395
9222
9137
9320
9102
8843
9578
9398
9347
9603
9369
9246
9653
9328
9345
9535
9490
9562
9757
9405
10374
9611
9524
9400
9532
9333
9279
9738
9709
9453
9716
9427
9447
9585
9449
9313
9525
9207
9301
9521
9364
9127
9475
9026
9201
9320
9010
9074
9238
9452
9397
9667
