13134
9894
9386
9149
9389
9336
9209
9521
9332
9347
9305
8983
9099
9193
9440
9559
9257
9021
9097
9180
9526
9170
9438
9304
8823
9150
9236
9080
9101
9666
9254
9466
9411
9118
9123
9380
9173
9304
9474
9135
9275
9473
9273
9154
9056
8953
9182
9442
9345
9522
9431
9008
9437
9625
9533
9783
9592
8858
8923
9379
9388
9244
9632
9576
9166
9217
9071
9240
9398
9471
9353
9513
8958
9358
9499
9075
9389
9586
9359
9093
9513
9106
9615
9462
9239
9040
9621
9437
9230
9259
9076
8940
9422
9168
9170
9754
9447
9347
9419
9393
9422
9736
9354
9687
9476
9358
9634
9710
9543
9402
9585
9341
9245
9517
9312
9544
9410
9404
9071
9365
9212
9538
9811
9332
9274
9583
9243
9628
9492
9367
9795
9465
9329
9357
9465
9588
9497
9256
9162
9233
9267
9410
9471
9776
8986
9055
9483
9450
9356
9497
9395
9145
9596
9558
9285
9638
9674
9582
9446
9450
9321
9524
9451
9458
9564
9346
9435
9616
9170
9455
9621
9411
9359
9376
9507
9754
9712
9610
9144
9280
9155
9633
9752
9624
9531
9462
9295
9091
9589
9246
9499
9236
9369
9622
9738
9554
9732
9836
9465
9398
9400
9429
9328
9440
9433
9452
9319
9483
9460
9681
9616
9138
9441
9307
9436
9761
9117
9498
9179
9150
9407
9555
9219
9413
9390
9219
9376
9064
9180
9354
9489
9582
9107
9039
9316
9292
9254
9326
9160
9431
9023
9186
9319
9102
9158
9177
8942
9199
9217
9168
9412
9605
9206
9140
9236
9285
9133
9367
9314
9072
9155
9266
9308
9558
9146
9331
9227
9176
9368
9629
9533
9351
9018
8992
9246
9386
9228
9372
9676
9141
9180
9446
9122
9171
9529
9140
9208
9338
9268
9364
9339
9435
9275
9332
9417
9525
9355
9447
9526
9121
9344
9396
9522
9317
9280
9337
9384
9318
9509
9250
9316
9659
9350
9506
9601
9326
9234
9541
9388
9212
9658
9388
9727
9834
9541
9848
9344
9442
9325
9483
9508
9636
9160
9954
9566
9292
9393
9666
9828
9482
9500
9653
9558
9607
9500
9571
9080
9457
9487
9446
9331
9321
9336
9492
9345
9486
9798
9498
9426
9448
9129
9246
9615
9153
9441
9625
9178
9050
9604
9472
9562
9600
9634
9204
9634
9408
9363
9599
9516
9237
9435
9273
9238
9610
9409
9677
9254
9066
9508
9792
9448
9665
9658
9450
9443
9622
9262
9674
9723
9496
9145
9537
9347
9282
9538
9390
9315
9408
9159
9415
9690
9639
9352
9646
9410
9745
9654
9670
9736
9905
9415
9351
9469
9456
9360
9501
9332
9385
9594
9309
9728
9585
9061
9106
9102
9249
9188
9658
9278
9341
9348
8953
9339
9273
9215
9357
9443
9305
9209
9111
9392
9286
9478
9159
9215
9108
8946
9247
9368
9305
8913
9185
9389
9400
9700
9476
9481
9104
9005
9399
9301
9314
9073
8973
8814
8837
9319
9412
9328
9586
8872
9150
9461
9301
9605
9556
9597
9424
9285
9081
9235
9480
9496
9320
9116
9184
9098
9430
9305
9111
9401
9098
9265
9339
9048
9597
9397
9110
9236
9403
9469
9460
9349
9285
9102
9325
9540
9116
9679
9605
9252
9268
8943
8976
9478
9396
9401
9375
9240
9290
9733
9544
9565
9981
9323
9441
9351
9484
9637
9995
9675
9420
9509
9414
9295
9646
9572
9081
9497
9364
9238
9525
9258
9697
9503
9336
9159
9645
9514
9732
9713
9410
9541
9553
9208
9475
9477
9369
9386
9407
9300
9217
9354
9656
9404
9478
9459
9390
9585
9522
9629
9565
9203
9299
9383
9391
9373
9666
9382
9465
9666
9444
9640
9690
9241
9284
9359
9141
9685
9530
9287
9297
9600
9285
9419
9745
9426
9691
9572
9151
9503
9544
9359
9439
9888
9173
9320
9516
9379
9459
9466
9131
9361
9515
9641
9481
9779
9506
9554
9632
9492
9689
9689
9380
9656
9298
9698
9272
9687
9385
9365
9400
9254
9185
9670
9528
9539
9857
9066
9087
9232
9035
9515
9426
9485
9285
9406
9314
9345
9398
9372
9407
9337
9374
9107
9160
9050
9268
9289
9237
9203
9563
9284
9015
9459
9058
9196
9489
9116
9387
9179
9458
9193
9121
9166
9198
9261
9377
9033
8977
8879
9026
9568
9156
9388
9439
8959
9399
9485
9312
9491
9484
9247
9164
9103
9130
9467
9262
9316
9404
9195
9402
9117
9540
9165
9070
9489
9344
9312
9426
9383
9306
9147
8995
9250
9442
9512
9449
9349
8938
9042
9343
9469
9227
9354
9588
9043
9323
9288
8992
9696
9415
9145
9254
9162
9400
9532
9291
9398
9335
9190
9476
9443
9642
9451
9603
9264
9237
9655
9597
9702
9521
9181
9097
9804
9300
9528
9611
9580
9279
9622
9402
9468
9730
9356
9714
9471
9481
9451
9444
9571
9489
9399
9248
10055
9354
9501
9385
9570
9063
9464
9594
9486
9248
9489
9610
9505
9439
9196
9246
9634
9696
9786
9204
9321
9292
9740
9399
9396
9389
9064
9173
9592
9449
9336
9765
9245
9058
9535
9180
9636
9802
9561
9357
9201
9449
9409
9430
9496
9573
9223
9312
9355
9471
9187
9603
9427
9097
9410
9516
9489
9760
9791
9044
9210
9669
9581
9416
9450
9497
9543
9454
9719
9730
9556
9914
9367
9478
9151
9168
9672
9615
9795
9613
9100
9073
9417
9065
9304
9503
9247
9343
9370
9395
9451
9386
9242
9142
9353
9331
9211
9264
9292
9050
9201
8977
9275
9204
9258
9318
9211
8797
9089
9250
9190
9252
9353
9061
9368
9157
9261
9307
9527
9268
9134
9017
8935
9208
9316
9412
9085
9073
8940
9454
9577
9406
9505
9511
9411
9424
9402
9064
9129
9491
9226
9438
9468
9574
9351
9423
9027
8855
9283
9500
9522
9657
9096
9310
9426
9127
9399
9518
9267
9471
9143
9048
9105
9460
9529
9460
9593
9334
9412
9130
9189
9101
9564
9183
9205
9634
9529
9555
9759
9599
9350
9598
9246
9298
9591
9357
9719
9375
9372
9498
9456
9524
9584
9276
9296
9399
9380
9202
9538
9846
9131
9542
9454
9480
9478
9713
9357
9469
9397
9485
9445
9668
9510
9694
9194
9169
