12762
9638
9448
9104
9249
9602
9198
9205
9478
9248
9401
9780
9369
9275
9406
9621
9174
9751
9333
9068
9247
9504
9630
9806
9219
9249
9400
9376
9625
9565
9343
9245
9485
9407
9136
9719
9755
9521
9792
9533
9673
9528
9433
9282
9395
9334
9171
9436
9156
9724
9904
9253
9562
10013
9419
9355
9425
9105
9163
9247
9541
9152
9652
9800
9348
9470
9479
9662
9421
9543
9379
9494
9343
9388
9317
9275
9678
10006
9396
9490
9455
9342
9311
9609
9356
9427
9305
9323
9197
9576
9638
9228
9432
9751
9740
9478
9554
9408
9804
9537
9425
9720
9499
9478
9796
9460
9610
9769
9549
9347
9680
9380
9325
9532
9636
9608
9834
9545
9656
9800
9568
9411
9761
9544
9530
9775
9366
9464
9743
9730
9552
9591
9638
9486
9766
9675
9560
9701
9546
9292
9320
9900
9638
9760
9863
9734
9699
9386
9662
9775
9425
9521
9440
9136
9446
9790
9565
9644
9499
9567
9449
9644
9833
9245
9355
9404
9411
9407
9591
9538
9878
9571
9540
9561
9344
9436
9679
9239
9411
9510
9533
9454
9589
9642
9373
9501
9598
9312
9490
9894
9550
9551
9322
9582
9873
9475
9863
9754
9425
9543
9605
9553
9625
9742
9531
9556
9647
9737
9492
9913
9944
9372
9585
9527
9654
9798
9389
9114
9278
9163
9448
9726
9481
9614
9695
9248
9410
9443
9545
9120
9335
9457
10245
9134
9410
9436
9685
9414
9556
9512
9162
9696
9508
9325
9723
9555
9274
9401
9652
9487
9292
9404
9592
9439
9646
9378
9100
9389
9292
9107
9771
9563
9700
9624
9373
9397
9554
9448
9503
9505
9318
9287
9270
9085
9333
9593
9912
9360
9764
9896
9272
9353
9326
9155
9327
9289
9216
9739
9311
9401
9549
9174
9364
9560
9248
9564
9702
9277
9515
9449
9624
9772
9537
9859
9202
9759
9411
9343
10693
9458
9333
9474
9267
9571
10025
9535
9485
9649
9639
9669
9753
9650
9457
9750
9648
9551
9658
9578
9493
9709
9739
9486
9570
9681
9517
9712
9297
9446
9599
9444
9742
9812
9661
9548
9962
9524
9661
9501
9620
9279
9354
9621
9494
9378
9838
9797
9875
9620
9438
9614
9232
9354
9500
9449
9309
9551
9217
9607
9782
9409
9612
9483
9617
9291
9510
9478
9205
9556
9360
9157
9556
9555
9478
9737
9535
9590
9789
9490
9783
9757
9250
9368
9452
9606
9404
9521
9912
9500
9670
9465
9406
9622
9472
9465
9422
9557
9334
9937
9594
9733
9982
9573
9646
9850
9565
9651
9804
9525
9451
9399
9614
9586
9700
9901
9695
9555
9669
9354
9518
9528
9543
9557
9467
9560
9541
9411
9603
9507
9313
9369
9428
9421
9278
9227
9255
9336
9761
9559
9496
9558
9584
9323
9656
9417
9549
9657
9215
9074
9296
9025
9701
9845
9484
9425
9404
9242
9180
9398
9434
9177
9248
9481
9060
9439
10757
9380
9397
9446
9538
9499
9190
9280
9687
9288
9565
9693
9526
9465
9529
9465
9509
9663
9678
9477
9538
9527
9199
9451
9460
9389
9578
9519
9410
9539
9219
9305
9661
9168
9525
9467
9236
9476
9642
9595
9259
9662
9748
9292
9555
9409
9455
9439
9530
9122
9322
9523
9586
9661
9453
9548
9831
9384
9395
9755
9257
9526
9509
9500
9314
9599
9619
9354
9497
9720
9371
9460
9650
9336
9643
9688
9405
9538
9519
9522
9697
9650
9444
9776
9316
9762
9811
9293
9311
9457
9760
9596
9541
9881
9424
9583
9863
9465
9646
9720
9418
9632
9425
9467
9581
9637
9586
9687
9618
9788
9506
9244
9401
9556
9486
9387
9618
9581
9533
9529
9667
9341
9566
9787
9468
9534
9467
9538
9408
9431
9318
9705
9752
9828
10075
9671
9301
9473
9692
9524
9628
9408
9259
9375
9548
9478
9549
9681
9536
9908
9673
9435
9864
9455
9602
9672
9596
9593
9883
9599
9577
9740
9859
9617
9812
9810
9355
9511
9571
9458
9488
9751
9847
10122
9545
9568
9680
9375
9539
9668
9300
9322
9282
8996
9401
9400
9722
9515
9631
9604
10030
9458
9385
9309
9253
9239
9157
9747
9435
9473
9682
9199
9665
9545
9297
9205
9349
9025
9043
9100
9682
9706
9494
9682
9451
9317
9626
9102
9552
9298
9213
9597
9231
9411
9589
9669
9443
9593
9549
9359
9721
9215
9379
9443
9417
9410
9451
9516
9800
9762
9431
9616
9462
9528
9768
9804
9327
9182
9343
9277
9596
9873
9644
9503
9642
9282
9369
9468
9635
9194
9466
9407
9322
9466
9663
9406
9690
9465
9549
9630
9656
9534
9617
9574
9328
9481
9441
9814
9746
9745
9650
9762
9978
9302
9584
9670
9293
9433
9460
9204
9812
9690
9898
9655
9416
9749
9895
9291
9321
9483
9461
9448
9603
9598
9710
9648
9608
9385
9441
9458
9338
9806
9795
9417
9349
9347
9449
9668
9379
9667
9618
9297
9585
9674
9353
9340
9554
9482
9223
9441
9612
9650
9621
9780
9491
9479
9575
9288
9622
9636
9543
9612
9265
9791
9614
9647
9772
9708
9469
9530
9669
9264
9382
9535
9541
9183
9596
9781
9391
9750
9634
9537
9692
9525
9505
9495
9570
9646
9734
9272
9711
9967
9458
9559
9915
9622
9359
9500
9803
9301
9487
9471
9226
9675
9693
9446
9787
9845
9765
9641
9357
9344
9344
9044
9161
9357
9478
9757
9567
9522
9352
9687
9677
9245
9313
9321
9100
9211
9207
9353
9900
9733
9732
9612
9216
9461
9633
9137
9299
9385
9096
9183
9288
9485
9423
9605
9765
9263
9606
9339
9138
9575
9255
9026
9243
9662
10168
9580
9276
9371
9662
9447
9535
9502
9252
9678
9589
9329
9322
9649
9799
9395
9717
9686
9455
9326
9310
9131
9614
9579
9427
9392
9398
9387
9895
9481
9673
9550
9540
9585
9682
9420
9238
9423
9571
9271
9791
9682
9519
9847
9643
9184
9734
9528
9477
9724
9423
9308
9708
9622
9780
9895
10025
9708
9658
9474
9356
9589
9535
9477
9499
9358
9649
9630
9737
9699
9553
9594
9480
9656
9328
9363
9823
9449
9635
10000
9623
9486
9700
9458
9445
9936
9498
9560
9638
9609
