13692
10209
9558
10055
8813
9030
8931
8829
9020
8853
8793
8924
8867
8689
8977
8670
11381
10905
11010
8765
8950
8678
8612
8898
8593
8557
8854
8678
8742
8906
8720
8759
8819
9200
9119
9380
9420
9926
10637
9325
9259
8977
9285
9224
9065
9321
9166
9065
9963
9043
9057
9242
9383
9229
9367
9366
9159
9114
9927
9030
9267
10234
9368
9258
8954
9187
9071
8961
10269
9434
9161
9060
9176
9065
8912
9204
9194
8930
9207
9083
8881
9115
9101
8814
9251
9181
8947
9179
9062
8847
9135
9060
8952
9260
9072
9085
9326
9177
9818
10032
9105
8970
9041
9157
9031
9137
9247
9026
10379
11221
9317
9197
8929
9133
9173
8866
9020
9115
8858
8982
9154
9006
8995
9076
8992
8985
9081
8890
9083
9850
9081
9066
8849
10115
9984
9021
9064
8756
9046
9025
8757
8884
8980
8692
8796
8925
9281
9378
9437
9311
10241
9427
9237
9142
9332
9212
9123
9407
9105
9142
9310
9154
9084
9313
9139
9218
9275
9116
9178
10665
11598
9472
9298
9176
9164
9310
9162
9169
9257
9275
9157
9323
9103
9279
9244
8944
9260
9262
8953
9225
11033
9162
9182
9052
9326
9155
9047
9245
9142
9034
10438
9285
9038
9009
9340
9211
9141
9338
9168
9077
9290
9113
9097
9314
9246
9110
9071
8973
8797
9021
9810
10049
9061
8869
9016
8723
8669
10155
8756
8733
9539
9650
8634
8875
8794
8750
8969
8852
8815
8925
8895
9331
8855
8872
8668
8681
8910
8752
8577
8831
9547
9035
8791
8913
8708
8597
8882
8602
9034
9089
9567
9849
9177
9023
8994
9158
8952
9028
9267
9126
9529
10067
10378
8784
8811
9067
8873
8943
9155
8877
8765
10493
11127
9076
9110
9127
8949
9039
8969
10195
9026
8994
11244
10609
10350
8897
8901
8690
8831
8818
8793
8954
8947
8721
8650
8874
8956
8648
8966
9036
8834
8943
9050
8845
10444
9815
9068
8970
9153
9019
8995
9200
8990
9074
9072
9588
9876
9032
9220
9102
9197
9212
9088
9163
9123
9007
9812
9988
8900
8911
9098
8839
8891
8970
8887
10408
11026
9167
9111
9444
9004
9042
10143
9009
9068
8875
9040
9021
8734
10012
8962
8712
8982
8944
8722
8990
10066
9225
8822
8809
8911
9122
9110
9329
9091
9146
10953
11342
9473
8980
9317
9256
9024
9219
9135
8981
9085
9183
8996
9198
8910
9110
9061
8844
8953
9146
8840
10453
11140
9129
8809
8911
9718
9641
9676
9003
9286
9113
9965
9611
9076
8952
8863
9065
9055
8910
9093
8942
9754
9701
8839
9061
8898
8762
9050
8914
8797
9345
10654
11065
9510
9265
8880
8986
9085
8824
9118
9095
10026
9362
9066
9160
8929
8966
9149
8939
8830
9094
9762
9282
9009
9072
8958
9079
9125
8805
8995
9014
9570
9493
8891
8768
8774
9113
8746
8674
9043
8888
8870
9783
8902
8840
8844
8926
8739
8764
8952
8756
8857
8950
8703
8879
8868
9112
9204
9095
9088
9173
8980
9086
9735
8790
9166
8855
9029
9139
8795
8928
9084
8820
9566
9123
8935
8800
8869
8849
8751
8994
8983
10024
10652
8891
10252
8848
8959
8932
8977
9088
9052
8966
9475
8912
8646
8681
8932
8795
8664
8878
8934
8791
9605
8828
8727
9031
8897
8772
9039
8893
8847
9265
9094
9092
9276
9118
9100
9280
8992
8971
9211
8942
8942
9182
8955
8998
9272
8935
8938
9147
9028
8992
9179
9050
9208
8969
9030
9000
8917
8980
9018
11249
10996
9980
9098
8789
8854
9140
8764
8808
9045
8781
11161
10782
9952
8962
8920
8981
8998
8929
9012
9037
8983
8971
8912
8853
8755
9210
8971
9033
9233
8949
9009
11666
10957
9493
9143
9164
8936
9023
9139
8857
9062
9161
9590
9078
9155
8909
8888
9096
9017
8903
9031
9023
9618
9920
9952
9019
8954
9017
9109
8979
8864
9088
8852
8808
9130
8804
8848
9064
8826
8835
9030
8767
8997
8916
8875
8932
9152
8902
8781
8843
8634
8765
10113
10065
9128
9301
9104
9298
9239
9091
9336
9359
9849
10063
9246
8955
8961
9163
9015
9007
9178
8990
9910
9726
9076
9180
8990
9924
9223
9032
9186
9189
9064
9141
9198
9001
9046
9136
8929
8975
9082
8813
9046
9811
8924
8880
9183
9024
8825
9064
9072
8975
9141
9296
8952
9026
9082
8816
9446
9418
9191
9301
9310
9168
9221
9344
9236
9290
9428
9269
9082
9332
9203
9063
9418
10439
10051
9420
9123
9203
8984
9037
9323
9266
9108
9345
9141
8947
9177
9066
9020
9273
9154
10255
9334
10824
11350
9940
9289
9014
9133
9243
9101
9179
9233
9003
9239
9133
9247
8952
9225
9278
8990
9128
9370
8995
9935
9301
9021
9188
9270
9135
9118
9209
9094
9105
9955
9105
9216
9123
9064
9149
8972
9136
9189
9573
10189
9164
8955
8880
9174
8871
8817
9086
8827
9009
9138
8834
8951
9161
8781
8992
9070
8899
9090
9037
9521
9078
8997
8871
8824
8929
8908
8830
9025
8885
9866
9148
8711
8931
9243
9240
9344
9195
9251
9353
9801
9916
9292
9455
9259
9322
9371
9295
9306
9468
9235
9635
9467
9318
9224
9373
9500
9151
9151
9394
9160
9166
9385
9109
9111
9355
9134
9170
9273
9201
9243
9278
9163
9284
9242
9226
9288
9207
8981
8973
9043
8773
8899
9165
8850
8860
9035
8743
8818
9128
10317
10462
9119
9152
8880
8939
9175
8902
9018
9123
9559
9726
9031
8940
8859
9102
8939
8804
9110
8975
11159
11314
9699
9485
8771
9020
8770
8740
8934
8729
8749
8874
8811
8833
9012
8698
8815
9021
8847
8731
9064
8956
8668
9045
8984
8640
8925
8776
8700
8998
8760
8713
8944
8648
8676
8835
8780
9280
9401
9104
9143
9273
10364
9287
9396
9341
9279
9347
9303
10161
9307
9230
9278
10300
9318
9028
8933
9153
8909
8889
9347
9000
8964
9243
9080
9077
9327
9180
9161
9276
10290
9091
9294
9160
9079
9263
9181
9124
9084
8987
9133
8988
9032
9097
9598
8907
9209
8897
8975
10248
8925
9117
9225
9803
10272
9279
9274
9093
9137
9257
9051
9083
9217
9069
