16185
12174
11501
11027
13794
15041
12898
12790
15554
12766
12223
11427
15151
13576
12757
10793
13584
12800
11450
10818
14536
13134
12586
12100
14742
12934
12325
11308
14300
13234
12001
10927
14224
13565
13450
12071
14960
14086
12364
12591
16690
13187
12146
11233
15122
12703
12807
12649
14326
12932
12920
11943
13632
12922
10887
18605
21188
20854
18866
17489
20556
17607
16179
14747
16403
15326
12684
11369
14402
13698
12958
11980
15295
11363
11175
10228
13859
12539
12053
11190
14402
13052
12598
11813
14378
13348
12472
12366
15015
13048
12161
11247
14393
13298
11817
11034
14111
12509
11792
11167
15548
12608
12144
11206
13843
12576
11999
11245
13765
12966
13079
13483
15488
14189
12346
12714
14492
13115
12617
11850
13512
13418
9847
9950
23144
19843
19630
18198
20057
18773
16887
15384
18079
16701
14716
13765
15609
14006
13235
12833
15813
15919
14966
14441
16245
14870
12932
12006
14356
13025
12416
11830
14423
12842
12245
11868
14361
12779
11857
10905
13964
13190
12451
11795
16262
12951
11695
10970
14063
14312
12552
11740
14352
12950
12178
12912
16324
14563
12150
11240
14264
12958
12392
11873
13634
14234
11778
9277
18386
17359
14713
15209
17743
14542
13110
11723
13575
13218
11539
11677
14577
13196
12262
11855
14304
13087
12348
12387
15813
13073
13505
11921
16071
12796
12385
10927
14150
12786
11596
11171
14715
16012
26740
28092
24411
25573
23992
25822
20638
22494
20307
19295
21326
19950
18088
17167
18717
17436
15510
15250
17029
15627
13740
12843
15000
12567
11779
11056
13877
13792
13924
12567
16190
13094
12121
14640
11857
12692
12674
14058
10930
12260
11700
10706
14227
12824
12043
11331
11744
10077
9867
13369
13465
13491
18960
16243
13010
25927
21692
12602
22752
19879
22521
18359
17463
18686
17612
15017
12857
15008
14008
11971
15492
13657
13341
12366
14754
13895
10308
10231
14291
13054
12295
11539
14785
13171
12437
14270
11588
13853
13457
12025
13987
13174
12843
11652
15606
13032
12336
11875
14054
13444
13258
11826
15246
13473
13070
12520
15022
13615
12791
12370
14591
13445
12219
11629
14168
14259
15761
13338
17923
10808
12430
21846
13362
22121
11204
22603
21401
21438
19300
17218
19477
18139
16913
15255
16999
15618
13660
12682
15066
13699
12798
11929
16014
12794
12372
11822
13575
13346
11282
14266
15142
13331
12054
10943
13735
13104
13421
11586
11287
12232
11380
11251
15935
13336
12940
12364
14156
13124
12169
15554
11073
13579
12957
11752
14696
13621
12257
11552
14795
13036
11578
11675
11959
13126
13209
11932
13029
11356
10657
12333
13880
12744
11958
10707
14452
13416
13128
13218
16944
14024
12392
15028
11480
12940
12435
14618
11203
12920
12764
12128
14919
13543
12257
12096
15695
15782
13469
13737
14763
10505
19512
11112
20602
17782
17616
18813
17259
15779
15123
17182
15853
16848
14181
12346
14770
13092
12283
11574
15939
14601
13407
12509
14182
13109
12113
11388
15895
13157
12125
11411
14485
13104
11613
10900
14391
13012
13177
12225
14928
14201
14539
12504
11060
12991
11172
12899
14701
15141
12968
12148
11820
14057
13032
12860
13930
10376
14788
12274
13037
11776
11947
11880
11954
11156
11218
11346
12952
13176
14621
13241
13740
14081
15101
13899
13444
12919
13280
12328
14718
13640
12433
10754
14377
12808
12072
11220
13981
12663
14729
11705
10648
13315
10497
11171
14755
13729
13864
11336
10877
12508
11716
11288
13844
12920
13050
15435
11702
13859
13538
14031
12958
11248
15031
12693
14195
12637
12899
11167
11361
13449
12861
13199
12232
13141
14124
10887
13227
15136
11909
11263
14692
12934
15872
12271
10592
12587
12399
11190
14616
12429
13633
12872
11405
9895
12137
10411
14051
12803
12092
11153
14054
14170
12924
11955
11771
13511
12046
11099
13220
12638
10574
9465
12631
13134
13076
11342
10251
11955
10772
10265
13987
12887
13784
12585
11773
11480
14148
14371
13192
12396
12401
14281
10845
12811
11950
11136
14360
13029
12458
12500
15699
14393
12409
10812
14482
12118
12096
14203
11164
12640
12416
14740
11968
12781
12315
11352
15005
13931
13794
13803
13053
11543
10756
14119
15164
14059
11612
10712
23378
10240
21396
17176
21206
20717
20650
18945
16925
17240
16089
15950
17273
16074
14187
13293
15273
12638
12025
10829
14105
12903
12247
11013
14788
13005
12616
14863
10765
12511
11822
10324
14401
12997
12205
11327
14550
14105
12930
13319
12590
10635
12792
11798
10618
13507
13123
11876
11270
14691
13112
12774
11465
10627
13244
12878
12989
10825
13079
12013
10824
12299
11303
10428
13789
13091
12386
14645
11346
12750
11833
10797
14558
14239
12890
9033
20501
19126
18980
19772
16778
16660
15309
13877
17351
14719
24048
20991
24164
19676
20851
19192
22011
18279
21166
16953
15964
17773
16491
18170
14843
16280
15075
15623
13914
11465
15630
14375
13857
12900
13086
10549
12504
11339
13904
13790
12416
10783
14348
12740
13115
12456
11378
10431
14092
12964
12542
11522
10892
12521
11304
10192
9529
12028
11462
12470
10631
12053
13417
12709
11390
10884
12719
9860
13884
12970
13329
11601
10988
15248
14454
12517
11903
14741
14854
12590
12753
9319
10708
9663
14282
14695
12819
12243
11586
14604
14288
11845
10653
13568
12361
11953
11910
10700
11166
10368
14086
13721
12794
11362
14118
12709
12295
11291
14844
12449
12246
14516
11563
12643
11926
11077
14329
13157
12539
12757
15475
14094
12302
12093
14913
14668
12933
12145
13974
10365
14256
12877
13308
13089
11340
11140
13145
12097
12681
11302
10264
12166
13169
13765
13673
13165
15323
14188
17361
15932
15460
13625
15204
12736
12342
12421
14556
12898
11975
9193
14326
12664
11750
11165
14537
12437
15154
11204
10450
12170
11277
10932
14432
13542
13243
11925
12170
15188
13986
14353
12399
13013
10924
11730
11167
14738
15101
12283
11028
13039
12491
9255
11368
10620
9664
10648
10902
13176
12167
12368
14208
10482
12589
10480
15003
12625
12417
11221
13865
13485
12233
14444
12578
12657
12263
14475
11028
13736
12781
12448
13088
12872
10382
16679
17446
17637
17794
14188
9500
15861
13215
13178
21917
22330
20097
18527
17352
13593
24930
24054
19897
23267
23587
22092
21141
21863
20334
20318
17643
16413
17615
16915
16651
14612
15410
12613
12956
13925
10981
11268
12289
13050
10808
10276
