14159
10720
10873
10688
10506
10998
10971
10672
10856
10825
10581
10738
10736
10557
10736
10754
10278
10478
10360
10429
10874
10633
10455
10685
10473
10421
10436
10655
10489
10616
10514
10370
10507
10370
10423
10607
10615
10477
10555
10491
10484
10655
10569
10334
10611
10496
10225
11046
10788
10600
10905
10758
10634
10826
10804
10678
10771
10680
10446
10748
10698
10629
10880
10597
10338
10815
10423
10303
11084
10976
10720
10955
10704
10520
10753
10763
10712
10872
10934
10652
10782
10628
10548
10646
10770
10403
10642
10617
10277
10660
10538
10424
10800
10744
10350
10553
11117
10962
11127
10947
10708
10994
10938
10596
10899
10802
10598
10735
10639
10971
11144
10919
10899
10990
11006
10724
11188
10919
10783
11016
10821
10757
10887
10942
10852
10971
10915
10560
10875
11671
10880
11171
10993
10793
10918
10773
10820
11106
10910
10763
11072
10825
10632
10807
10982
10733
11031
10805
10641
10968
10850
10569
10807
10743
10508
10693
10627
10473
11081
11086
10772
10914
10836
10642
10965
10846
10624
10817
10656
10588
10641
11067
10735
10979
10872
10742
10815
10732
10745
10894
10896
10690
10873
10794
10511
10957
10936
10658
10941
10842
10502
10711
10836
10586
10849
10717
10480
10803
10559
10940
11203
11782
10859
11088
11051
10833
11080
10915
10657
10879
10689
10607
10836
11163
10879
11092
10740
10534
10714
10509
10619
10868
10821
10629
10694
10568
10511
10664
10710
10345
10544
10571
10270
10770
10610
10541
10769
10682
10357
10638
10521
10401
10575
10483
10359
10585
10503
10472
10668
10546
10301
10606
10510
10316
10810
10595
10359
10487
10480
10237
10491
10843
10615
10942
10712
10583
10761
10635
10878
11025
11023
10657
10868
10707
10413
10971
11025
10760
10881
10789
10537
10709
10562
10364
10719
10541
10355
10581
10604
10387
10599
10596
10448
10668
10580
10783
10918
10936
10689
10854
10894
10668
10825
10767
10415
10614
10382
10347
10629
10938
10755
11057
10953
11042
11030
10975
10827
11032
10886
10783
11019
10930
10733
11214
11068
10827
10980
10891
10814
10890
11154
10976
11035
10988
10640
10917
10745
10895
11123
10923
10718
10954
10772
10581
11139
11046
10916
10987
10912
10702
11138
10979
10802
11035
10908
10773
10890
11022
10739
10969
10782
10561
10773
10665
10894
11158
11035
10826
10929
10876
10726
10948
10942
10641
10916
10818
10554
10672
10938
10864
11094
11002
10690
10911
10779
10797
11014
10884
10770
10956
10892
10634
10924
10781
10560
10751
10713
10564
10674
11048
10849
10939
10882
10709
10931
10704
10625
10889
10763
11769
10708
10658
11051
11193
11167
10807
11053
10951
10675
11071
11055
10749
10978
10746
10650
10758
10929
10705
10974
10813
10623
10866
10403
10639
10959
10703
10586
10831
10879
10481
10633
10579
10399
10549
10709
10335
10495
10941
11516
10813
10636
10505
10801
10699
10706
10988
10829
10617
10704
10653
10450
10797
10581
10423
10515
10467
10207
10954
10958
10763
10890
10825
10533
10691
10907
10655
10906
10923
10581
10748
10596
10666
10934
10790
10666
10897
10730
10553
10873
10865
10599
10722
10811
10587
10812
10984
10641
10858
10771
10610
10849
10678
10519
10790
10494
10330
10560
10415
10317
11090
11081
10795
10861
10825
10595
10710
11040
10752
10941
10980
10561
10715
10524
10730
11062
10988
10651
10882
10915
10929
11181
11023
10785
11056
10957
10612
11201
11202
10874
11103
11014
10772
10915
11042
11012
11121
11016
10820
10985
10795
10865
11103
10959
10849
10942
10906
10695
11093
11076
10776
11075
10971
10689
10905
11194
10910
10990
10948
10801
10939
10771
10679
10888
10730
10516
10799
10550
10353
11048
10861
10769
11053
10918
10637
10825
10997
10792
10935
10951
10685
10900
10953
10565
10791
10664
10556
10760
10599
10699
10927
10695
10598
10736
10712
10489
10985
10820
10727
10961
10770
10587
10694
11025
10811
10964
10892
10634
10724
10681
10680
10925
10803
10511
10729
10624
10406
11238
10986
10814
11077
10932
10691
10972
11170
10991
11090
11060
10846
11035
10829
10928
11158
10994
10848
11126
10869
10667
11184
10779
10513
10820
10567
10476
11596
10949
10726
10875
10695
10500
10696
10774
10443
10708
10592
10363
10555
10353
10458
10723
10661
10348
10627
10317
10099
10672
10507
10399
10610
10520
10231
10418
10607
10389
10537
10602
10434
10534
10498
10684
10720
10647
10439
10689
10503
10302
10782
10518
10480
10562
10408
10386
10532
11057
10742
10856
10801
10470
10746
10795
10941
11017
10808
10625
10744
10534
10407
10834
10593
10472
10707
10423
10160
11025
10800
10748
10978
10946
10638
10774
10929
10705
10995
10954
10713
10879
10871
10667
10884
10751
10602
10941
10737
10533
11092
11009
11004
11156
11043
10680
10911
10915
10831
10994
10920
10736
10895
10825
10913
11123
11065
10860
10999
10976
10709
11139
11081
10729
10957
10835
10673
10908
10841
10611
10822
10654
10447
10754
11174
10928
11097
11042
10784
10936
10830
10907
11104
10940
10900
10962
10873
10557
11111
10907
10728
11004
10879
10632
10850
11116
10899
11035
11002
10716
10942
10921
10692
10928
10912
10651
10742
10575
10490
11173
11089
10778
11050
10850
10630
10821
10969
10817
11023
11025
10665
10876
10815
10687
10851
10859
10657
10781
10627
10485
10772
10751
10608
10724
10586
10400
11020
10953
10788
10897
10784
10702
10815
11226
10843
11118
11034
10711
10940
10948
11109
11179
11010
10893
10996
10892
10692
11266
11113
10845
11104
10695
10423
10657
10755
10672
10908
10927
10622
10677
10698
10839
10830
10922
10675
10867
10825
10491
10577
10439
10339
10624
10491
10248
10491
10794
10668
10789
10774
10615
10734
10562
10587
10720
10616
10409
10561
10676
10626
10716
10627
10418
10489
10419
10251
11018
10916
10614
10886
10736
10507
10766
10880
10751
10958
10766
10570
10776
10641
10489
10680
10742
10527
10694
10505
10162
10673
10539
10509
10691
10540
10353
10574
10830
10592
10848
10789
10633
10848
10782
10894
10934
10834
10618
10842
10909
10534
11093
11009
10685
10817
10662
10569
11147
11043
10760
10978
10942
10751
10947
11079
10881
11076
11082
10757
11002
10949
10714
10873
10793
10596
10774
10570
10495
11010
10944
10750
10834
10749
10494
10778
11018
10886
11033
10853
10701
10866
10734
10639
10911
10804
10470
10721
10726
10423
10885
10746
