13134
9887
9672
9721
10599
9564
9739
9606
9623
9640
9544
9467
9969
9906
9469
9864
9439
9551
9806
9641
9663
9901
9696
9484
9502
9784
9679
9719
9644
9727
9874
9729
9620
9701
9311
9593
9553
9433
9758
10198
9755
9673
9789
9575
9583
9961
9336
9451
9839
9805
9370
9735
9763
9638
9848
9777
9537
9886
9469
9625
9897
9839
9676
9570
9448
9445
9541
9386
9795
10098
9629
9612
9929
9463
9484
9862
9515
9645
10074
10044
9230
10089
9833
9288
9675
9950
9923
9653
9535
9770
9740
9685
9676
9915
9477
9853
10203
9941
9593
9922
9624
9582
10100
9526
9823
10107
9896
11153
9864
9598
9531
9763
9736
9529
9953
10067
9955
9813
9888
9776
9918
9646
9648
10149
9679
9701
10020
9522
9726
9968
9778
9460
10050
9650
9514
10032
9934
9554
9939
9834
9863
9914
10027
9963
9913
9777
10172
9728
9500
9912
9897
9875
9719
9989
9377
9821
9907
9738
9549
10227
9959
9586
9808
9767
9696
9802
9675
9861
10043
9719
9580
9891
9733
9875
9930
9841
9720
9892
9444
9676
10147
9560
9813
10133
9731
9611
9853
10024
9495
9877
10009
9609
10044
9985
9786
9994
9850
9849
9995
10060
9932
10080
9996
9927
9982
10059
9983
10058
9640
9548
9900
9715
9818
10395
9696
9899
9765
9680
9433
9535
9850
9396
9881
9667
9588
9786
9464
9590
9552
9774
9522
9590
9259
9669
9581
9662
9708
9855
9300
9734
9844
9343
9178
9730
9505
9519
9730
9728
9286
9801
9306
9144
9639
9709
9501
9841
9635
9520
9690
9627
9737
9731
9441
9653
9927
9485
9400
10016
9592
9681
9753
9463
9317
9946
9792
9658
9933
9500
9683
9905
9793
9746
9627
9805
9864
9997
9712
9870
9524
9546
9543
10072
9617
9933
10034
9668
9598
9722
9193
9618
9989
9979
9475
9740
9536
9537
9542
9819
9670
9788
9493
9915
9731
9984
9649
9960
9610
9597
9725
9765
9803
10257
9677
9964
9980
9844
9793
9970
10163
9907
9899
10030
9635
10036
9970
9527
9895
9832
9668
10018
9721
9659
9796
9734
9632
10105
9860
9824
9965
9850
9655
9883
9705
9831
9838
9515
9544
9878
9566
9758
9871
9731
9368
10010
9640
9658
9917
9701
9778
9727
9802
9814
9861
9945
9673
9918
9378
9723
10097
9662
9852
9956
9645
9584
10037
9930
9472
9889
9704
9622
9798
9862
9506
9727
9675
9895
9939
9546
9578
9909
9748
9733
9588
9878
9853
10185
9541
9558
10297
9453
9626
9870
9949
9719
10138
9781
9427
10098
10081
9602
10039
9967
9791
10050
9719
10041
10058
9778
9944
9814
9872
9859
9744
9672
9703
9901
9495
9681
9788
9860
9274
9808
9424
9326
9825
9845
9572
9586
9875
9442
9680
9590
9502
9763
9614
9716
9477
9584
9362
9703
9482
9965
9962
9275
9254
9995
9952
9364
9909
9851
9676
9639
9624
9704
9665
9485
9472
9656
9738
9627
9501
9433
9476
9599
9462
9518
10166
9626
9418
9735
9542
9385
10080
9831
9888
10044
9649
9535
9773
9554
9529
10023
9482
9559
9791
9387
9673
9771
9466
9657
9634
9607
9386
9636
9740
9609
9899
9767
9760
9969
9270
9616
9873
9720
9504
10026
9616
9905
9850
10030
9828
9888
9838
10017
9976
9546
9874
9753
9746
9812
9931
10447
9823
10306
9605
9855
10115
9895
9636
9859
9774
9781
9891
9723
9457
10019
9794
9629
9794
9846
9381
10022
9985
9752
9793
9766
9773
9665
9905
9737
9623
9951
9499
9852
9775
9928
9945
9289
9633
10157
9637
9780
10100
9899
9572
10025
9713
9629
9975
9999
9947
9760
9997
9911
9591
9844
9933
10359
9449
9730
10342
9725
9512
10271
9380
9492
10152
9562
9469
9812
9759
9645
9902
9706
9531
10035
9896
9607
9656
9936
9599
9871
9874
9923
9876
9819
9688
9996
9729
9867
10285
9762
9557
10183
9737
9877
10232
10122
9765
9886
9964
9726
10046
9658
9574
10097
9861
10051
9746
9536
9455
9472
9644
11182
9801
9465
9738
9865
9608
9330
9688
9444
9697
9933
9706
9569
9594
9816
9583
10100
9725
9453
9758
9627
9446
9765
9676
9916
9778
9607
9542
10008
9531
9525
10012
9532
9618
9906
9510
9699
9742
9534
9655
9658
9715
9550
9745
9438
9767
9855
9750
9994
9880
9781
9503
9926
9893
9407
9617
9452
9801
10031
9392
9680
10077
9857
9709
10046
9815
9536
9895
9773
9435
9951
9616
9537
9793
9699
9686
9838
9346
9814
9610
9855
9677
9629
9678
9929
9789
9492
9781
9994
9628
9797
10020
9911
9757
10103
9773
9710
10027
9660
9670
9810
9688
9699
9821
9854
10014
9837
9778
10069
9989
9737
9620
9932
9605
9626
10031
9569
9647
10169
9643
9723
10062
9658
9467
10317
10229
9838
9751
10101
9544
9938
9702
9948
9973
9887
9958
9939
9708
9740
10108
9733
9585
10094
9691
9733
10018
9571
9591
9969
9720
9492
10033
9795
9693
10048
9608
9722
9896
9959
9903
9813
9537
9788
9893
9980
9773
9889
9739
9979
10284
9691
9644
10075
9656
9576
9985
9671
9698
9882
10306
9976
9905
9975
9519
10122
9797
9429
9989
9738
9913
9856
9530
9677
9773
9879
9832
9785
9788
9633
10111
9707
9829
10028
10059
9639
10164
9816
9532
10159
10218
9600
9603
9754
9249
9476
9861
9903
9684
9923
9377
9412
9242
9607
9518
9757
9603
9836
9427
9425
9700
9432
9763
9980
9248
9780
9580
9921
9416
9575
9743
9247
9782
9513
9396
9783
9331
9442
9528
9423
9699
9537
9483
9841
9499
9539
9418
9858
9656
9743
9941
9481
9471
9977
9579
9688
9810
9930
9204
9751
9577
9562
9914
9745
9946
9878
9670
9718
9521
9627
9609
9874
9622
9581
10083
9547
9304
9707
9702
9412
9760
9985
9667
10021
9636
9317
9981
9640
9716
9711
9384
9782
9752
9518
9788
9905
9634
9948
9745
9964
9800
10004
9689
9683
10210
9434
9776
9955
9848
9754
10062
9936
9405
10050
10035
9814
9999
9824
9484
9978
9785
9915
10103
9878
9800
9782
9708
9577
9836
9710
9657
9916
9843
9563
9841
9521
9762
9771
