14288
10838
11833
10036
9176
9429
9441
9106
9360
9263
9141
9217
10035
9996
9310
9080
12253
11250
10054
9111
9246
9308
9036
9157
9210
8967
10010
9695
9089
9020
9256
9116
9003
9195
8934
8876
9903
9987
9051
9210
9148
9134
8988
8982
9189
9192
9633
9950
9185
9009
8933
9707
9613
9674
9757
9557
10028
10388
9422
9596
9617
9462
9718
9646
9348
9961
10194
10142
10502
9556
9457
9399
9456
9412
9456
9587
9490
10276
9653
9344
9505
9311
9333
9520
9344
9313
9581
9332
9859
9438
9546
9308
9285
9460
9478
9416
9520
10322
9970
9524
9622
9311
9487
9598
9333
9461
9938
9713
9969
9791
9529
9823
9856
9708
9814
9796
9698
10412
10690
9468
9755
9697
9793
9635
9723
9751
9600
9558
9718
9416
9462
9591
9446
9387
9676
9416
9473
10431
10818
9546
9671
9600
9493
9585
9466
9480
9519
9577
9801
9590
9429
9370
9479
9454
9445
9469
9414
9976
10227
9305
9480
9390
9363
9602
9349
9414
9536
9280
10532
9723
9453
9287
9302
9567
9233
9292
9430
10647
9728
9378
9527
9354
9386
9503
9325
9286
9375
9095
9267
10169
9177
9159
9454
9187
9183
9385
9174
10603
9907
9158
9268
9144
9412
9419
9280
9421
9400
9268
10073
9365
9081
9234
9405
9243
9103
9338
8942
10253
10574
9173
9585
10548
9562
9413
9148
10933
9284
9289
9521
9408
9346
9467
9478
9192
9261
9244
9294
9935
10248
9212
9326
9185
9247
9313
9184
9248
9428
9183
9105
9390
9279
9040
9383
9373
9085
9379
9314
10225
9840
9235
9154
9365
9238
9208
9363
9171
8997
9267
9359
9087
9292
9416
9706
9533
9633
9601
9490
10261
10562
9502
9359
9448
9467
9330
9562
9598
9557
9543
9431
9405
9938
9479
9648
9673
9699
9363
9532
10639
10651
9549
9373
9608
9404
9418
9439
9182
9245
9336
9539
9277
9662
9580
9433
9696
9521
9520
9584
10512
11070
9725
9544
9567
9329
9497
9569
9352
9274
9860
9712
9806
9863
9754
9550
10102
9825
9753
9851
11019
10051
9819
9482
9646
9838
9459
9701
9796
9450
9817
9972
9428
10565
9714
9783
9451
9694
10828
9428
9544
10439
9603
9494
9422
9640
9520
9524
9639
9552
9464
10281
9469
9442
9357
9672
9503
9313
9644
9276
10005
10285
9263
9533
9374
9323
9599
9247
9412
9497
9222
9307
9522
9580
9360
9673
9466
10549
9923
9509
10581
10242
9523
9332
9197
9393
9406
9274
9364
9462
9222
10054
10342
9219
9452
9460
9201
9455
9438
9392
9416
10244
9963
9587
10227
9462
9391
9260
9345
9391
9114
9756
10118
9237
9372
9027
8892
9099
9009
9002
9474
10078
9927
9326
9119
9235
9241
9319
9258
10285
9147
9106
9135
9029
9466
9298
9072
9169
9263
8975
9031
9253
9131
9083
9327
9344
9252
9176
9238
9090
9189
9377
10277
9585
9220
8916
8940
9131
8852
9112
9251
9034
9104
9159
8989
9143
9098
9053
9118
9218
9085
8987
8897
9476
9086
9382
9503
9250
9243
9474
9132
9183
9362
9323
9458
9529
9281
9219
9343
9108
9283
9470
9986
9923
9381
9283
9411
9295
9256
9161
9383
9258
9112
9359
9278
9136
8975
9277
9058
9123
9210
9346
9922
10433
9224
9596
9258
9115
9338
9225
9203
9436
9255
9316
9395
9280
9049
9408
9327
9160
9873
9799
9648
10584
9753
9599
9720
9875
9555
9722
9803
9574
9622
9852
9601
9642
9450
9514
9641
9468
9440
9634
10107
10269
9580
9695
9450
9668
9773
9405
9599
9677
9424
9689
9642
9623
9529
9612
9370
9299
9630
9535
10075
10352
9553
9537
9296
9488
9442
9407
9323
9453
9309
9277
9485
9803
9655
9809
9799
9669
9691
9766
10213
10502
9725
9703
9623
9839
9487
9627
9779
9649
9420
9783
9713
9499
9770
9630
9490
9721
9466
9518
10505
10249
9552
9722
9470
9550
9702
9505
9472
9716
9464
9519
9655
9756
9389
9589
9679
9415
9545
9370
9947
9961
9458
9181
9251
9452
9301
9203
9708
9473
9304
10631
9570
9641
9565
9293
9535
9358
9330
10727
10431
9774
9936
9525
9242
9454
9453
9327
9538
9571
9289
10009
9493
9416
9286
9527
9455
9353
9505
9368
10169
9998
9149
9551
9373
9294
9537
9169
9163
9436
9331
9266
9545
9557
9388
9416
9383
9142
9435
9498
9884
10366
9445
9378
9367
9570
9346
9419
9589
9473
9332
9524
9238
9299
9180
9472
9555
9292
9251
9404
9796
10250
9366
9527
9265
9383
9486
10149
9406
9426
9168
9371
10223
9213
9184
9676
9274
9376
9560
9322
9903
10503
9212
9490
9373
9399
9320
9287
10575
9411
9227
9346
9471
9484
9294
9407
9406
9290
9272
9815
10291
10543
9778
9469
9626
9720
9414
9498
9770
9475
9500
9887
9568
9600
9390
9421
9646
9419
9566
9610
10200
10313
9659
9618
9437
9567
9585
9333
9624
9591
9257
9522
9539
9434
9401
9631
9305
9348
9541
9335
10631
10054
9216
9409
9397
9293
9388
9356
9182
9386
9194
9326
9480
9383
9650
9671
9467
9467
9733
9550
10910
10309
9502
9699
9546
9444
9778
9512
9667
9763
9470
10352
9757
9773
9491
9663
9712
9501
9450
9719
9570
9513
9571
9614
9648
9597
9561
9681
9612
9548
9557
9704
9432
9713
9571
9204
9408
9145
9188
9454
9867
10174
9453
9318
9097
9061
9191
9123
9213
9302
9383
9144
9252
9367
9026
9321
9399
9118
9245
9296
9912
9792
9277
10419
9105
9385
9260
8989
9286
8967
9050
9326
9203
9269
9148
8939
9216
8900
9122
9306
10340
9494
9141
9215
8965
9179
9187
9222
9272
9302
9002
9465
9199
8925
8978
10382
9018
9085
9212
8921
10128
9295
8958
9264
9443
9455
9494
9240
9329
9393
9156
9261
9544
9402
9320
9348
9431
9220
9375
9413
10035
10305
9322
9041
9029
9342
9052
9309
9421
9177
9370
9501
9364
9446
9384
9362
9509
9217
9235
9467
10514
9747
9379
9466
9267
9147
9415
9162
9138
9407
9298
9437
9375
9266
9158
9432
9283
9162
9425
9425
10819
10373
9417
9479
9535
9475
9468
9499
9487
9240
9576
