13890
10353
9987
9683
10218
9929
10302
10079
10028
10415
9723
10146
10064
9841
10273
10074
10085
10378
9978
9714
10041
10271
10014
10358
10034
9935
9902
9865
10237
9959
10168
11301
9974
9937
9904
10107
10389
9906
10196
10015
9567
10250
9976
9765
10191
10121
10046
10050
9939
9820
9891
9858
10105
10337
10189
10046
10018
9891
9786
10039
10199
9836
10053
10307
10098
10110
10102
9956
10408
10141
10160
10162
9946
9942
9911
10105
10058
10179
10342
10094
10353
10130
9669
10245
10827
9885
10136
10591
10324
10238
10399
9907
9992
10083
10076
10219
10118
10003
10440
10271
10346
10289
10240
10183
10291
10212
10164
10528
10373
10686
10246
10069
10620
10248
10109
9924
10057
11354
9986
9975
10313
10061
10374
10252
10149
10231
10319
10280
10176
10150
10059
10408
10154
10064
10469
10221
9865
10518
10493
10128
10344
10169
10351
10116
10277
10520
10364
10316
10399
10508
10334
10094
10378
10246
10151
10593
10323
10162
10353
10419
10072
10230
10081
9854
10223
10384
10135
10425
9979
10377
10422
9930
10065
10494
10184
9939
10186
10331
10116
10467
10107
9926
10355
10403
10049
10229
9907
10111
10208
10449
10035
10510
10294
10348
10298
10285
10233
10466
10009
10356
10469
10504
10158
10640
10518
10295
10376
10263
10284
10497
10137
10141
10356
10101
10207
10299
10452
9931
10000
10074
9620
10448
10209
9816
10296
9892
10120
10313
10050
9748
10131
10039
9980
10154
9839
9614
10320
9921
10130
10142
10078
9789
10036
10104
10093
10199
10235
9584
9986
9878
9681
10200
10117
9938
10287
9830
10033
10090
9946
9827
10090
9890
9667
10084
10151
9941
10049
10043
10108
10103
10307
10312
9930
10172
9794
10226
10209
10000
10449
10135
10041
10138
9817
9990
10384
10184
9784
10300
10062
9842
10339
9889
10054
10232
10244
10275
9990
9902
9997
10234
10201
10141
10117
10079
9739
10199
9907
9793
10373
10071
10222
10125
10425
10299
10181
10312
10378
10497
10223
10025
10275
10124
10481
10536
10022
10200
10173
10542
10333
10131
10175
10087
10424
10341
9990
10345
10082
10121
10369
10149
10277
10360
10059
10227
10066
10401
10072
10456
10028
10290
10127
10161
10398
10395
9885
10380
10285
10148
10285
10605
9909
10042
10434
10131
10300
10371
10037
10184
10384
10620
10032
10247
10373
9860
10564
10392
10359
10284
9923
10049
10122
10131
10344
10037
10293
10099
9941
10038
10170
10330
10407
9981
10233
10246
10062
10052
10281
10080
10395
10316
10248
11069
10276
9688
10210
10282
10235
10216
9946
10178
10163
10383
10313
10272
10368
10222
10305
10424
9983
10542
10313
10104
10373
10234
10045
10327
10391
10018
10262
10161
9974
10526
10089
9815
10033
9977
10036
10242
9899
9912
9808
10210
9679
9959
10096
9886
10093
9908
10137
9900
9677
9907
10162
10316
10193
10154
10291
9952
10048
10188
9902
10063
9782
9766
9983
10093
9999
9891
10340
9754
9897
10007
9803
10418
9859
10001
10259
9873
10067
9960
9984
9874
10097
9995
9878
10212
10371
9856
9989
9994
10085
10248
10156
10075
10269
10323
10115
9932
10096
9902
10553
10030
10142
10353
9982
10089
9891
9779
10124
10131
10414
9832
10150
11486
9663
10527
10169
9954
10181
10112
10172
10180
10086
10150
10217
10183
10249
10301
10074
10319
10284
10055
10121
10411
10331
10167
10408
10252
10344
10394
10187
10025
10485
10187
10139
10512
10240
10234
10334
10162
9986
10261
10424
10106
10262
10100
9949
10434
10080
10077
10392
10156
10198
10176
10368
10099
10250
10538
10281
10567
10016
9898
10373
10385
10082
10391
9834
10348
10115
10289
10042
10266
10447
10174
10362
10307
9811
10159
10003
9962
10305
9995
10265
10259
10134
10214
10110
10095
10256
10521
10008
10242
10124
10227
10179
10193
10216
10168
10200
10632
10049
10511
10198
9802
10497
10071
10096
10089
10007
9915
10176
10201
9909
10019
10148
10282
10481
10275
10360
10476
10046
10480
10469
10030
10374
10334
10506
10114
10056
10369
10061
10375
10189
10016
10647
10386
10234
10593
9935
10044
10051
10426
9892
9919
10022
10013
10249
9844
9720
10142
9950
9770
10064
10247
10031
9929
10247
10088
10117
9982
10060
10091
9727
9847
10117
9732
10143
9945
10082
9937
9954
10129
9783
10227
10182
9923
10198
9968
9796
10204
10295
9647
10180
10304
10039
10069
9936
9984
10044
9890
10378
10059
10361
10494
9890
10354
9938
10219
10327
9909
10471
10244
9722
10280
10010
10084
10271
10019
9853
10315
10142
10142
10082
10133
9932
10391
10171
9861
10352
10009
9716
10175
10118
10048
10171
10456
10064
10388
10242
9622
10271
9964
10466
10189
10303
10377
10407
10266
10419
9983
10159
9891
10522
10390
9997
10449
10136
9988
10430
10228
10193
10270
10579
10339
10201
10093
10038
10201
10302
10070
10418
9923
10047
10158
10213
10149
10274
10201
10129
10698
10239
9990
10271
10253
10136
10370
10023
10292
10034
10183
10283
10119
9997
10152
10405
10144
9971
10146
10319
10246
10326
10440
10108
10182
10244
9941
10231
10488
10223
10522
10023
10348
10371
10331
10530
10090
10151
10065
10464
10024
10303
10370
10150
9847
10125
10297
10106
10087
10204
10219
10083
10111
9796
10197
10495
10091
10359
10023
9873
10443
10214
10449
10373
10211
10355
10331
10392
10510
10253
10452
10031
10510
10540
9963
10234
10329
10260
10211
10173
10353
10256
10387
9970
10335
9799
9945
9981
9976
10342
10306
9973
10281
9845
10312
9588
9961
9981
9648
10404
10213
9632
10061
10005
9785
10247
9772
9898
10001
10326
10114
10062
9933
10131
10284
10109
9901
10178
10011
10072
10005
10282
10013
10158
10304
10040
10371
9895
9763
10263
10278
10071
10182
10032
10206
9975
10181
10198
10242
10225
10107
10291
10175
9824
10115
10216
10194
10365
10108
10116
10144
9896
9771
9920
10259
10386
10146
9720
10243
10064
9963
9859
10100
9994
10464
10087
10139
9944
10162
10049
9927
10139
10190
10308
10193
9938
10136
10004
10378
10172
9932
10226
10184
10606
10241
10064
10427
10355
9945
10164
10254
10315
10329
10351
9950
9981
10059
10066
10517
10363
10171
10405
9914
10244
10397
9923
10534
10305
10291
10052
10113
10089
9926
10440
10093
10205
10390
10237
10343
10279
10216
