13738
10319
9969
10325
10143
10147
10236
9945
9984
10076
9887
10032
10067
10057
10073
10330
10012
10172
10249
9807
9972
10192
10053
9929
10076
9807
9796
9961
9875
9744
10022
9863
9821
9888
9720
9690
9894
9613
9708
9832
9450
10038
10244
9936
9984
10233
10018
10099
10209
10040
10045
10111
10051
10088
10455
10168
10199
10231
10083
9913
10324
10043
9986
10237
9860
9899
10117
9800
9975
10213
9954
9988
10034
9744
9850
9953
9744
9950
9977
9817
9541
9870
9905
9981
10174
9898
9837
10057
9667
9898
9897
9663
9675
9932
9681
9678
10295
10122
10008
10219
10027
9853
10160
9984
10104
10045
9919
9913
9983
9979
10120
10199
10065
10041
10183
9986
9896
10213
9807
9829
10088
9780
9934
10400
10122
10014
10294
10027
10167
10226
9985
10160
10161
9886
10063
10107
9851
10047
10237
9940
9871
10176
9862
10074
10026
9919
9767
9952
9832
9886
9988
10105
10206
10292
10132
10182
10295
9995
9979
10180
9969
10001
10197
9803
9858
10497
10365
10215
10484
10148
10112
10308
10195
10065
10391
10091
10126
10989
10338
10386
10467
10214
10297
10474
10071
10122
10306
10014
10055
10360
10006
10102
10525
10306
10378
10549
10302
10335
10539
10126
10263
10393
10230
10042
10320
10012
10303
10540
10241
10273
10489
10157
10173
10504
10192
10234
10060
9917
9923
10029
9916
10064
10102
10012
9700
9953
9828
9819
9992
9712
9697
9905
9583
9960
9993
9672
9750
10052
9723
9682
9873
9703
9529
9794
9740
9599
9869
10174
10113
10323
10006
10089
10313
9960
10110
10213
9887
9897
10136
9839
9907
10379
10012
10035
10254
9933
10130
10122
10107
9947
10159
10065
9907
9986
9685
10193
10419
10143
10318
10395
9941
9973
10199
9854
9964
10275
9946
10170
10083
9884
9777
10062
9973
10006
10098
9797
9795
9917
9700
9717
9978
9672
9909
10163
9888
9929
9998
9674
9796
10018
9867
9719
10165
9880
9857
10114
10326
10215
10506
10264
10384
10427
10317
10342
10325
10027
10233
10213
10006
10050
10586
10268
10228
10423
10136
10307
10451
10281
10204
10417
10092
10145
10244
9931
10253
10235
10083
9977
10115
9795
9838
10026
9841
9829
10098
9764
9793
10538
10388
10422
10389
10197
10277
10307
10145
10661
10333
10066
9959
10213
10001
10338
10409
10146
10093
10389
9973
10163
10198
9888
9943
10167
9890
9901
10048
10145
9999
10249
10125
9998
10262
10045
10018
10135
9921
9930
10119
9817
9992
10557
10232
10245
10392
10145
10163
10414
10042
10031
10347
10029
10172
10248
10334
10188
10482
10240
10274
10381
10094
10217
10402
10066
10224
10271
10002
10029
10403
10107
10134
10384
10090
10187
10066
9825
9701
9939
9817
10085
10017
9659
9861
9969
9790
9853
10004
9717
9729
9950
9714
9791
9827
9556
9617
9819
9937
9804
9987
9771
9711
9919
10084
9729
9936
9799
9668
9758
9578
9681
10332
10071
10169
10229
9853
9946
10084
9822
9906
10114
9833
9932
10139
9922
9928
10104
10010
10010
10216
9810
9916
9986
9759
9609
9976
9649
9650
10235
9859
9810
10068
9815
9943
10139
9959
10017
9981
9840
9824
9857
9730
10161
10243
10056
9841
10093
9928
9924
10160
9849
9794
10038
9661
9880
9886
9812
9895
10154
9860
9890
10243
10025
9890
10155
9893
9854
10093
9803
10440
10512
10284
10289
10420
10058
10185
10319
10119
10075
10315
10145
9993
10196
10047
10087
10380
10032
10209
10224
10058
9953
10126
9971
9983
10100
9793
9962
10501
10225
10418
10430
10214
10159
10463
10094
10107
10328
9984
10189
10177
9980
10054
10396
10147
10180
10286
10029
10092
10154
9984
9992
10158
9910
9856
10087
10026
10066
10122
9848
9878
10138
9968
9835
10065
9842
9717
9984
9822
10156
10437
10270
10188
10396
10097
10145
10342
10087
10241
10250
9931
9869
10169
10185
10218
10642
10158
10285
10432
10223
10255
10445
10222
10245
10332
10043
10172
10582
10367
10292
10499
10210
10256
10421
10150
10192
10417
10058
10157
10332
10195
10284
10043
9759
9855
9927
9714
9854
9984
9731
9590
9811
9655
9726
10147
9869
9859
10083
9684
9861
9920
9649
9690
9912
9653
9630
9841
10600
9785
10035
9877
9777
10059
9839
9774
9901
9656
9805
9912
9644
9727
9855
9998
9890
10085
9829
9831
10076
9783
9860
10057
9725
9891
9961
9815
9739
10330
10060
9986
10074
9833
9931
10183
9914
10073
10120
9690
9700
9918
9631
9995
10140
9850
9972
9974
9805
9735
9956
9878
9920
10037
9681
9725
10194
10026
10013
10327
9951
9914
10132
9903
9979
10016
9681
9837
10052
9855
10148
10561
10392
10184
10450
10203
10079
10432
10125
10259
10300
10195
10184
10213
10238
10335
10430
10246
10158
10491
10125
10079
10331
10043
10147
10289
10118
10177
10514
10277
10338
10415
10144
10334
10373
10177
10026
10329
9974
9952
10201
10235
10250
10432
10184
10133
10310
10122
10207
10228
10253
10035
10104
9895
10082
10478
10345
10112
10397
10207
10311
10381
10075
10063
10284
9986
10140
10193
9860
10060
10338
10050
10038
10264
10027
9908
10158
10050
9938
10190
9955
9919
10013
10053
10040
10253
9960
10060
10239
9879
9838
10023
9821
9806
10018
9764
10131
10400
10083
10228
10385
10173
10098
10267
10046
10216
10184
9964
10109
10231
10273
10423
10508
10174
10277
10422
10118
10132
10381
10143
10202
10089
9797
9790
10199
10031
10115
10309
9899
10069
10023
9871
9845
10135
9755
9765
9938
9694
9912
10052
9751
9836
10092
9809
9696
9864
9681
9607
9777
9687
9561
9828
10192
10202
10276
9992
10044
10230
9983
10081
10144
9820
9873
10066
9751
9804
10062
9786
9997
10899
9892
9848
9912
9902
9894
9993
9705
9699
9800
9900
9765
10134
9836
9826
10052
9675
9724
9906
9615
9746
9969
9860
9799
10315
10144
10200
10232
10065
10280
10265
10090
9955
10139
9899
9957
10219
9916
10126
10376
9910
10094
10140
9832
10032
10184
9965
9896
10285
10097
9989
10575
10309
10226
10493
10275
10333
10390
10227
10259
10288
10007
10140
10241
10127
10011
10260
10043
9899
10159
9868
9865
10136
10886
9964
10048
9816
9690
9943
10128
10253
10305
10002
10202
10227
9910
10027
10139
