16158
12011
11140
13023
14529
13773
11890
13273
14621
12957
11644
10539
13545
12740
11826
11441
14456
12722
11828
10625
14334
12881
11141
10745
13181
12605
11593
9938
13799
12243
11566
11034
13193
12556
11540
11288
13763
12243
12345
11702
14214
12460
12020
11132
13906
13099
12230
11692
13597
12994
11721
11943
14123
12533
11297
10797
12952
14609
12250
12436
15377
13462
12711
13456
16119
15349
13563
11422
14765
12783
11488
9030
13483
12702
11505
10588
14974
12325
11621
10482
13146
12204
12369
10683
13850
12239
12064
11425
11847
12078
11040
10248
13437
13039
12302
11572
14432
13326
12518
12111
14914
13012
11965
11017
13270
12369
12977
12561
15806
12447
12110
11005
13746
12574
11727
11921
13931
13370
11001
9584
13287
13571
26193
23965
27856
26045
24762
23304
25764
23114
21150
19565
22630
19726
18694
17234
18964
17221
15839
14557
15854
15072
13108
11953
13509
12864
12842
12552
14454
12100
11740
10963
14654
13246
11512
10903
13537
12168
11924
10800
14231
12442
12113
11629
13484
12684
12788
12296
15183
12930
11669
11323
14564
12942
12339
11234
13999
13219
12002
11725
13499
12221
12013
15604
16371
14275
14053
9094
13194
12518
11366
11311
13694
12915
11883
11503
14109
13868
12786
11802
14363
13459
12501
10461
13904
12433
12605
12365
13639
12799
12204
11156
14611
12259
12025
11405
13507
13036
22839
20372
24185
21712
22019
23524
21083
21240
20085
18602
21314
18310
17412
19063
15860
16701
15066
17096
12606
13740
11549
10332
13663
12989
12393
12484
15193
14436
11970
10423
15346
13478
12451
12067
15533
12934
11905
11376
14161
13409
12256
12327
13121
12550
12034
11155
13074
12304
12427
11270
14079
12740
12614
16108
11711
14947
14626
11553
10786
12329
11218
12738
12394
12169
11454
9830
12263
11162
11289
8964
13130
12989
12911
15414
13720
13496
12215
11433
13323
12568
11955
14237
9886
12979
11149
10466
13142
12143
12147
10533
13852
12590
10956
10536
13543
13048
15293
12747
10094
12683
11047
10092
13108
12365
11559
14145
10750
12035
11071
10663
13895
13555
11476
10377
13843
14019
14178
14669
11769
13347
12304
9978
15732
18287
15516
14832
14291
25565
27824
27099
24706
25694
23370
24742
24194
22377
20413
17845
21755
18521
16962
15758
17585
16860
14744
17026
9359
12603
11255
12958
10293
13192
11689
11405
14078
13275
12392
11937
14326
13545
12854
12283
13710
13134
12560
11622
14334
14449
13574
13818
12212
13919
13023
12328
13952
13381
12434
12016
14328
14745
13767
13229
12581
9987
16226
12861
13484
13481
11765
12195
14516
12355
12199
11177
15210
13976
12593
14625
11412
12417
11862
10493
14059
12411
11872
10955
14516
12634
12626
11783
14242
12543
13777
13653
17049
15839
13779
15205
11774
15148
13794
15445
11688
12434
13908
11984
12152
11220
12770
11143
12665
13823
12917
15655
12050
14327
13254
11896
13877
13868
12949
12423
14200
12235
12113
10784
14373
14824
12987
12648
14480
13725
12354
12863
15147
13866
12105
11634
13044
12679
11681
11471
13555
12805
13157
11991
14755
15168
13310
15391
11628
13757
10620
11815
10347
13068
12773
13945
12965
10985
13207
11393
13406
10634
11880
10193
11998
11580
11277
9854
8991
11429
10923
10509
13639
12889
13886
11648
10783
12834
11486
10825
13459
13894
11752
13683
10932
12216
12157
12121
14023
13442
13453
11952
10577
12494
11415
11021
13459
12839
15374
11511
11673
13192
11628
11144
13244
12355
11676
11497
15829
14900
13443
12497
10963
14184
14318
14215
13587
15539
14612
12222
14074
13246
12650
12961
12873
13681
17403
10963
19540
18607
16128
20155
19237
19201
17414
15450
15384
15921
13755
12928
11951
13346
12596
10742
11990
14214
12445
12967
15004
14191
12833
11502
14125
13158
11979
11513
14021
14007
12285
15326
11139
13467
12715
11686
14028
12762
11525
11941
14326
13267
12617
12018
14129
13040
15131
12581
11029
13760
12573
9267
13659
12884
12642
12396
13743
13381
12266
11582
14559
13550
13939
12158
10513
14431
13102
15308
10793
13030
12093
10744
14550
13695
12826
13502
13224
16591
15613
14689
15809
12878
11210
13233
13874
12974
13109
10497
9449
11158
11143
13578
13623
11250
10932
13280
12668
14503
11992
11544
15526
10696
15307
9723
20551
19378
18223
18757
17189
16996
16140
14454
16660
15223
14043
12810
15942
13548
12165
11698
13604
12978
12337
11057
15120
13050
9916
9853
9951
11133
13301
12789
12590
12665
15919
15194
15479
13222
13735
15140
11229
12799
11999
11469
10148
13780
12245
12298
12002
12561
11298
12850
11038
13833
13304
12183
11687
11956
10316
9270
16532
9097
21282
9536
9907
11512
11133
9975
12715
12897
15054
11141
11806
13760
12253
10592
13333
12679
15672
11922
10907
13437
11817
10231
13237
13487
12597
12259
11157
13864
12973
10915
12819
13856
13215
12060
14937
13057
9605
12837
11095
10303
13042
13783
12856
12482
11571
10685
13039
10505
12737
12943
13194
17847
11765
17839
14511
10540
17560
21766
20687
10429
18549
13566
17190
16312
10224
25147
17218
23198
15750
19701
18740
21340
20160
20016
18760
17298
16017
14130
13471
11949
11648
11457
14866
14084
11330
15077
10170
13884
12889
11783
13255
12992
12071
11436
14217
13259
12122
14888
14898
11046
14155
12748
11240
10716
10674
11554
13160
12097
11711
10622
13416
12775
12141
11195
13955
11040
11201
10808
11800
11113
12374
13628
12193
11838
12522
11998
14185
10655
13576
14431
13859
13957
15860
12229
15143
15545
12118
14596
10880
14089
10772
12802
13283
11841
12407
12854
11635
9998
11337
10559
13267
11557
10478
13986
12186
16227
18737
20615
17920
19667
17173
15966
17263
14662
12856
23103
23139
22384
20785
19858
21861
22905
19121
17889
19618
16371
19008
15782
14171
12000
18115
17238
14845
14625
13319
13277
11262
12377
9469
9961
12850
11291
12792
12471
12162
13459
10914
12316
11767
9771
12666
10151
12591
11918
13300
10909
13624
12415
13549
13181
11577
10967
12365
11233
15443
14157
13029
12025
11910
11967
11259
10432
13819
14948
12839
12000
12129
15065
11635
10905
13176
14273
12543
12287
12775
11295
11000
10537
14051
14787
12178
11857
14479
13672
10889
11910
10067
13115
12641
13737
14336
12814
12705
15745
13983
11786
12807
11020
9733
11526
10445
11610
12436
13324
10357
13182
15472
15120
13889
13153
