17172
12607
12168
10967
13960
13156
12041
10644
16478
14118
12812
11961
14836
14180
12420
12843
15062
13934
13356
11165
14205
12597
12091
11211
14094
12958
12269
11414
13317
13937
12556
11626
14565
13515
12851
12236
14417
12459
12818
12238
14668
12949
12396
12437
16425
12717
11469
11177
13614
13066
12613
11846
14874
13460
11550
10024
17414
27562
25952
24651
26274
25373
23211
21349
22878
20688
19410
18383
20111
18527
17201
15717
18461
17615
10009
9989
14145
13442
12529
11372
13969
12726
12226
10980
14720
13262
11842
11078
14241
12436
12640
11356
14722
13087
12439
12076
13499
12413
12550
11331
14001
12871
12521
12017
14641
11446
11344
9940
14035
12972
12306
11418
13465
12868
13123
12707
14106
12737
12103
11349
15569
14545
13265
12240
14676
14193
14212
13125
15160
13979
12401
12433
14702
13247
12623
11511
14553
13565
12259
12042
13968
12789
12688
12734
14593
12994
12904
12144
14195
13041
12415
12121
14265
13113
12336
11469
13955
13236
12218
11144
14468
13154
12037
11950
14037
13240
12387
12593
15509
14081
12537
11675
13659
13500
12451
11740
13632
13271
12292
9485
13790
13115
12717
9925
14653
13945
12479
12183
27159
24463
23059
21577
25003
21320
20130
18874
19722
18542
16963
15934
16762
16228
14645
13621
15722
13649
12763
12034
14776
13076
11960
11440
13771
12592
13285
12275
14205
13096
12149
14384
11587
12347
12337
11046
16305
14377
13097
12867
16235
12907
11954
10938
15551
13417
12423
12173
14303
12671
12632
12052
13575
13681
12610
12047
14488
13005
12582
11950
15095
13661
11929
12286
13685
13751
12551
11465
14708
12843
14979
12929
12996
13662
12259
11775
14813
13069
12490
11878
13633
11956
20254
10930
23792
22487
21209
20612
19208
11580
18035
12890
18510
10001
11037
9950
12159
13744
14450
13147
12282
16942
14071
12058
14792
13630
12586
11993
14121
12789
12126
11108
14663
12731
12781
11298
15207
13425
12316
12101
14691
13091
12022
14396
11275
13514
12658
11715
10962
13472
13963
12306
11657
14498
10280
9661
13444
13268
12191
11230
13541
12788
12279
11838
13963
12784
12518
12243
14602
13961
14198
13381
11469
13455
12575
14003
11760
14267
14502
12037
14953
14232
14009
13068
13922
12994
12663
12084
13614
13206
12520
11836
15037
13403
12447
12339
14522
12939
11954
11059
14718
13634
12468
14580
12585
12716
11493
11056
14553
13254
12768
11234
14049
14022
13053
14527
11967
13568
11641
10972
13610
12011
13269
11714
12406
11204
12078
9387
13762
13033
12614
11277
14856
12940
11537
21520
15563
20075
17860
16152
14923
17009
17729
13921
14944
13448
11941
13115
14583
13695
12390
12094
15338
12686
12205
11102
13239
13176
11780
10704
13777
12642
13175
13101
14452
13349
12070
12205
14684
13076
12971
12231
14239
14025
15459
13191
10946
13125
10295
18897
20154
19055
18667
17720
18512
17361
16871
15843
17018
16508
15225
14271
14866
14304
12747
12407
14304
13226
12821
12293
14564
12955
12486
11865
15840
16355
13161
12332
12455
13703
11491
10514
14131
12701
13320
11570
11165
13008
12663
21205
19948
12470
13763
12091
22692
11478
20514
17162
18126
9651
13635
12404
11786
13379
12810
15339
14845
16223
10856
19257
21366
17988
16585
15678
17532
14181
12876
14933
11431
12458
11655
11034
14254
13268
13529
11875
14180
11383
12615
15583
11875
11193
12618
13601
10847
9307
12746
13167
11267
11470
14565
13561
13574
12798
12396
11932
13436
12390
12411
11992
13698
14122
12719
15090
11785
14549
13324
14868
11512
10943
12444
11306
14495
13217
13682
13331
11266
12342
12106
14206
11183
18451
11861
12123
24593
22266
20859
19354
22143
20155
18853
20581
17938
17315
15914
14404
17376
14926
17261
13303
12327
13375
11912
13932
11312
13964
12583
11186
14463
12430
14663
11959
11628
12420
12202
11640
14631
12344
11113
10822
10907
9889
10172
11723
13929
13011
12602
11939
14911
14870
13441
13481
12534
11345
11048
12826
10423
10219
14686
14117
11800
12482
11892
11263
13042
12412
14588
11875
10954
12337
11055
10626
14393
12831
12260
11251
15124
13011
12645
12000
14936
13198
12550
11964
14707
12645
11820
11697
14912
13476
13454
12424
15219
12528
12285
14705
13243
16026
18312
15945
13533
13455
14551
14487
13388
12911
12818
11471
14425
13169
11941
10848
14986
12968
12205
11185
14910
13396
14010
11975
10877
13940
13567
15040
11803
11175
12251
11051
12300
13883
12459
11860
11515
13117
11458
10629
12414
11311
10428
12529
11449
13432
12987
12248
11301
9933
10347
9762
13275
13536
16300
10255
19586
19033
10954
13403
18290
17856
15791
19520
17253
17215
16996
15135
13173
14422
13787
11621
10556
11952
11802
11332
12173
12850
11524
12730
12174
12440
10754
11938
11086
12408
13631
13416
11403
12375
11288
11015
14041
12862
12261
11963
13339
13913
14579
12239
11531
13569
12817
12638
11131
15343
13522
12444
12351
12238
11028
10823
13031
13507
12239
12500
12089
13564
11883
11539
14064
13469
11421
13191
11758
15386
24521
22938
23256
23844
19309
20715
20396
20130
18041
16258
18163
14964
13835
13227
12224
13300
12473
10794
14444
12794
12300
11853
14869
13744
14359
13635
11423
10353
12581
11883
13652
11009
12391
12701
12490
10959
12713
12503
13069
14160
12420
14679
11982
11192
14323
15327
12783
12911
11512
11176
10730
12844
10286
11254
13883
14010
13450
11781
10873
13620
11193
11758
10528
12741
11800
10580
13609
12616
12385
11364
15091
13835
13636
12608
14933
13336
12433
11851
14761
12712
12034
14548
11262
14918
13651
12167
12168
13618
12375
13292
10519
14526
13334
12179
14084
11400
11887
14359
24453
15754
28656
25936
28932
24946
26881
22957
22101
23879
22804
23485
23646
20068
19799
18346
17091
18646
19411
16290
16223
14770
14372
12428
13826
14016
12466
13288
12519
11290
11454
14308
11360
10487
11457
10500
12017
12954
12752
13155
11673
15905
14463
13007
14348
12987
14417
12326
13890
15145
19123
19367
18037
18022
11218
19253
17392
9845
17062
16540
14125
13913
16553
15050
11950
9841
12869
13145
11021
10531
12006
10698
12292
13138
13425
11516
10656
10904
10572
10960
13940
13200
12424
11438
15328
14604
12686
11822
11067
14288
13307
11876
14469
11909
13993
13689
14052
11920
11358
12277
10620
12348
11101
11854
10754
14461
13101
12160
14661
13886
11243
12302
