16995
13050
12713
12506
16691
14734
11371
10385
11360
10935
10678
9987
10566
11155
11203
10122
10485
11121
10966
10047
10691
11026
11158
10191
10447
10621
11065
10350
10029
12423
11515
10829
13123
13495
12413
10556
11025
10173
10904
10859
14864
14120
12747
11566
16162
14202
11374
10255
14317
13960
12162
11953
15915
15515
13908
13242
15759
13557
13051
11875
10797
13752
15137
13268
11869
12579
11994
11304
15502
13844
12561
11893
15041
13286
12711
12079
14293
13677
10758
10185
11730
12195
11270
10454
10932
11053
11069
10036
10840
10206
10556
10600
14922
14151
12843
11740
14648
13981
13660
12741
17715
16141
13753
10595
12293
12833
12296
10540
10987
11127
11078
10308
10985
11037
10242
10261
14765
13478
13094
11969
14696
13646
12911
11978
15958
13507
14235
12146
12054
12937
11663
10361
11465
10956
10995
10258
11329
11380
11237
10378
15031
13933
13039
13479
16328
15290
13661
12995
15487
14416
12809
10991
9898
11603
12307
10481
10641
11387
11391
10243
10561
11240
11127
10173
9991
12149
12355
11870
15911
15288
13616
12113
16247
14862
13737
12592
12807
10444
11584
10823
10989
11474
11315
10226
11055
11363
11182
10167
10200
13043
12415
11405
15235
14923
14008
13365
15075
14564
14163
13349
13111
10656
11373
11257
11333
10968
11316
10419
11533
11240
11608
10446
12248
10734
10557
10416
12165
14908
13628
12794
12841
15414
13233
11982
13769
11483
11039
10066
16601
14292
15479
12619
13143
10476
10829
10167
10685
10947
11305
10202
14770
13917
13448
12316
16766
13881
12811
12215
15037
14485
13967
12337
11993
12967
11621
10100
10140
10664
10654
9971
9870
10080
10763
9958
14965
14120
13097
13500
15804
15032
12845
16575
11609
14967
13162
10644
10260
10810
10754
12896
16775
12800
12742
10309
10950
11647
11153
10020
10102
12859
12684
11994
13215
12573
11410
11475
14925
14076
13281
12638
14501
10513
10813
10739
10737
10715
11439
10248
10770
11239
11296
10188
10280
10999
10539
13017
13138
12728
12467
11795
14872
13609
13674
13273
16546
14643
13242
10336
11483
11498
11395
10302
11059
11297
10957
10060
10403
11094
10137
10879
11117
13269
11655
11282
15186
14751
13806
13141
16490
14536
12023
10298
12031
12114
11497
10449
11631
11226
11388
10516
11254
10130
10192
10215
10056
12390
11972
11541
16036
13954
13179
13346
16522
14340
12582
11635
11843
12435
11491
10281
11610
11247
11158
10297
10938
11432
10137
10118
10152
12996
15137
14339
12691
13673
13161
11987
14189
13747
13297
11106
10586
11649
12627
10469
10709
11151
11536
10378
10827
10836
11502
10390
10933
10078
11137
10763
14502
13291
12907
11841
15895
15518
13810
13145
16318
14314
10869
10742
10727
11229
10874
10114
9879
10713
9796
9781
10296
9970
11590
12569
10675
13724
12330
14623
14353
13556
12723
15579
11532
13945
12994
13365
14581
11412
11099
10283
10585
11132
10955
10089
10811
10366
10737
10945
15061
13740
12641
12254
16601
14332
13889
13245
15487
13109
11118
10047
10454
10048
11251
10046
10739
10883
10316
9966
10020
11184
11326
10242
12973
13890
11920
11276
14971
14362
13832
12707
15395
13824
12987
12481
12017
12340
12052
10338
10204
12136
10536
10582
10262
10908
11422
10396
10431
15187
14114
13262
13495
16462
14047
13432
15285
14184
13175
12574
13129
12673
12507
10928
10332
11123
11194
11249
10511
11137
11267
10012
10311
10358
10333
11096
12978
12881
11869
11546
15307
14209
13721
13569
16346
15704
13496
9947
10314
10196
12346
11940
11443
10760
11094
10121
10004
11383
10268
11049
11395
10750
12030
10553
14566
13578
12984
11834
15997
14095
13256
12669
11290
10292
10156
14516
13245
12201
11146
10179
11049
11216
10127
10185
10266
13156
11668
11436
15244
14257
13324
13390
17023
14055
12999
12071
12514
12968
11690
11627
12095
11304
11662
10509
10844
11139
11207
10187
10699
10068
11554
13321
11241
14311
12660
12353
15147
14295
13215
12710
15978
13313
12318
10435
11076
11592
11041
10104
11065
11231
11244
10602
11061
10275
11331
10445
11461
10466
11896
11319
13456
11423
10872
10857
12466
13941
14159
14330
12394
11027
10711
10185
10406
10868
11198
10056
10004
9699
10707
10763
9896
9924
9978
13535
12461
13412
12510
11959
15058
13429
12683
11911
13965
13627
12858
10901
9746
9898
12947
13795
11337
10777
10963
9885
9904
10075
12649
11993
14027
11373
12147
11097
12382
11936
11637
9973
10328
12113
12234
11074
10088
10386
10573
9842
10638
11138
11329
9781
9821
9769
10620
9654
9980
11177
10950
10067
13377
14112
14984
12319
11606
13988
12634
11334
14193
11945
10320
10203
10978
10017
12202
10223
10199
10728
11309
10869
9952
12353
12015
11160
12285
12120
13535
11325
11209
12800
12358
11876
12929
11932
11200
10870
10148
10645
11127
10037
10037
11035
10184
10025
10902
10052
10106
9847
14680
15430
13763
14089
14168
15014
14297
13250
15997
15025
14410
14498
12644
10838
10140
9905
12647
12270
14308
12907
10921
11358
11187
10035
13665
13984
14669
12899
13265
11313
12591
11188
13047
12354
10959
12524
12810
12515
12210
10249
10544
11062
9991
10050
9843
10619
11248
10338
10444
10200
9695
10042
14470
13220
12683
11660
14477
13358
12268
11492
15586
13288
12544
11671
13483
11183
10791
9854
9782
10758
11099
10788
9716
10994
10255
9889
14855
13761
13530
12862
15178
14438
12492
11555
16046
9814
14132
13828
13346
11400
10886
10418
10252
11647
10350
10195
10280
10218
11248
10312
10847
10674
11036
10451
14808
13569
13026
12729
17092
16169
15326
11270
10359
10895
11072
9950
10852
10884
11266
10290
10350
10691
10567
9899
9960
12836
12114
11194
14757
15448
13154
13118
12828
14438
14022
12725
9969
11021
10157
12164
12553
10118
10877
10035
10541
10433
10111
10055
9733
10075
12790
12073
11558
13971
11975
11554
14353
13811
13127
12156
11228
11442
12196
11450
10031
10821
11431
10020
9925
10098
10135
10878
10814
10013
12290
11823
11054
14916
14046
14745
13403
11870
14463
12659
14112
12892
13838
12721
10616
9863
10799
11364
10301
10593
10924
10730
10164
10889
10096
14543
13629
14073
13608
12801
11378
12279
11682
11163
14039
13734
10923
11568
11032
10564
10682
9777
10042
10817
10010
10266
9951
11813
10168
11209
10351
12912
14663
14194
13008
14443
11763
13425
