15862
13868
13724
13615
18290
18626
18013
16828
18701
22274
21473
20168
22449
22529
21577
25689
23624
28430
28211
28296
27799
30355
32868
35555
35894
35973
36186
40743
38074
43286
43522
43101
44955
43645
45980
49550
49714
48404
50765
54386
54751
55134
54990
54696
59557
59918
59774
59505
62724
62854
62940
63150
67559
67714
67799
67782
70167
70300
70257
70242
74976
75055
75117
75199
15229
15844
15700
15403
20266
20628
20485
19932
24746
24905
24991
25196
28468
28553
28536
33139
31226
31385
31022
31229
35638
35797
35882
36248
38610
38945
38804
38277
43393
43526
43675
43656
46419
46554
46664
46340
51406
51539
51626
51326
53787
53669
53552
53911
58621
58636
58570
58473
61062
61676
58702
61335
65035
65650
65508
65235
68554
68918
67307
69943
73263
73600
71181
74370
15411
15997
15855
15525
20616
20927
21013
20993
24162
24296
24401
24837
29268
28521
28606
28586
31350
31485
31570
31574
36210
36343
36430
36636
39452
39585
39672
39879
44259
44394
44479
44685
47602
47938
47797
46942
52537
52672
52783
51421
54692
54826
54710
54487
59298
59914
59694
58917
62110
62145
60737
63168
66718
67331
65419
68052
69909
70244
70330
70309
74969
75458
74886
74813
14218
14561
14602
14696
19757
20093
20179
20162
23857
23993
24077
24061
28641
28803
28886
28871
30871
31033
31117
31099
35867
36004
36085
36068
39060
38790
38744
43607
43565
46380
47420
48669
47843
48258
49854
48344
52955
54201
54157
55683
53998
54032
56462
57130
57895
58462
62484
62721
61820
63421
63857
63815
67034
66486
68159
69609
69694
71119
70921
73307
73694
74185
77196
77279
15512
15876
19726
17269
22480
23451
24596
20714
24812
24569
24906
26657
26563
27254
26985
29066
30434
31659
31843
33066
33146
34419
34629
35650
38587
38217
41108
40838
44230
45073
42883
44055
45500
45207
47035
45705
48540
50266
49771
51775
52867
54141
54249
55524
55578
56852
57062
58083
60538
62494
62174
63195
63124
64447
64178
70607
67882
67436
69439
69299
72615
71720
70819
72926
15047
16296
16909
18592
18447
19694
19147
20394
24214
23947
26861
26846
26369
27895
32403
33651
29739
32199
33270
33026
33384
34354
37166
38087
37940
38102
40915
40471
40677
41392
41629
47552
45155
45646
46058
48697
48852
48964
48921
50801
53408
54656
54968
56240
54907
56179
58514
59760
61761
62278
62739
64114
63740
65220
69673
65941
69666
69851
69427
72369
72428
73853
77799
74321
15525
15511
18243
20174
17452
20925
21131
24094
21368
25321
25304
23545
27719
27627
28938
33422
30695
30326
32078
34262
34165
34681
35421
35912
38444
37996
40914
40441
39638
41162
47189
48030
45760
44354
47775
47784
47460
49314
50941
56131
55353
56752
53702
54622
58644
59312
60992
62771
59620
62289
61663
61643
65489
67497
63762
66251
68407
69706
70898
71667
71522
73656
74923
77182
12090
13415
15036
15905
17505
18526
19947
20271
21109
21402
22015
24146
25395
26489
28010
29865
28710
28315
31328
31159
32458
33123
32775
33871
34183
35456
36920
36995
40486
40774
41819
41903
42920
43131
44278
44260
48561
48875
49084
48640
51526
52622
52605
54106
53681
58770
56201
61340
60056
58625
59366
63041
62792
65406
66121
65020
65604
65714
68934
68285
70086
70422
71342
73979
15157
16911
16764
17885
17869
18863
24198
20415
23403
22604
25671
25400
26795
26604
27647
32157
28647
29922
31900
31860
34846
34982
35066
35050
37784
36480
40279
40087
40243
42578
46595
47133
46004
42600
45793
43804
48673
46477
48684
48612
47282
50198
51496
51172
52646
53945
53902
55400
56622
58906
59469
59246
60724
60124
61827
61831
64065
63795
65498
68384
68596
72067
68235
71322
15193
16437
18543
17491
18738
18894
20142
24776
24508
25068
23382
24631
29266
29093
30317
30425
30208
30414
31359
34122
34258
33985
35106
36784
37171
40158
40370
40351
44028
42895
46924
48499
47877
47829
48320
47620
50057
48898
51284
52429
52439
54618
54323
55925
59623
57126
61800
62944
60528
60430
64231
65705
67181
68347
65350
68795
68805
69391
71827
72543
72224
73315
76002
75911
11471
12639
14894
17819
19632
20824
22172
20792
23378
24596
22685
26459
27127
28369
28076
27375
29838
30296
30557
31755
31258
34272
33875
33903
35935
38014
40751
42075
43549
43630
42957
46959
46235
46012
48017
49341
50537
52363
52524
55515
50900
52802
56474
54157
56920
53338
53532
56296
55111
57167
57121
57257
61105
61015
60160
62218
65233
65446
67775
66974
68095
70480
73671
74994
11412
12711
15402
16217
16376
20052
17427
20066
18683
22889
23526
21689
22330
26838
28815
27484
27746
29372
28391
30935
31546
33222
32346
34832
36103
36489
37813
37822
39241
39964
39083
41091
39784
41974
46155
47174
45711
47011
49192
48697
48954
50327
50691
55072
54167
56097
56688
56545
59178
57267
61167
61430
61586
62936
62513
66846
62957
68526
68460
69555
69432
69948
71953
73404
13215
15095
14644
17587
18201
20056
18568
20573
20684
23902
24867
25004
26831
26740
26238
31178
28253
29527
30795
31015
31297
33507
33160
34435
34792
39731
40219
41443
40637
44463
43360
46984
45270
42827
46628
46839
49598
47965
50804
51319
53497
53151
55992
54584
58205
57960
60068
58307
58842
60242
61135
63369
65294
63939
68016
67016
68612
69683
69084
71217
73319
72571
72982
72942
12034
13513
15084
17112
18031
17887
19054
21997
19299
23309
25186
25673
24875
27410
28653
30762
28292
29086
30985
33244
31837
33060
33974
33655
37834
39057
39035
37731
39052
44068
45109
46306
44215
45718
47062
48650
47242
52030
52615
53132
53768
53574
52819
55481
55211
55727
57731
56785
56721
56872
60143
61234
62304
62011
62332
65400
63032
65818
65600
69021
67261
70475
68514
74586
11178
12450
13673
15038
16084
16749
17043
17275
14024
16455
21065
22034
23560
22729
25014
25452
23996
24808
25097
26924
29538
26990
31169
31026
31413
32225
36787
37779
39028
39892
40687
40491
41158
41238
43117
42722
45890
47311
47447
48264
46125
49364
47984
50544
50600
53586
53394
53704
55661
57688
58176
57502
60494
60247
61266
61250
64115
65029
63193
64693
65638
65617
70101
67986
13072
14567
14830
16303
18286
18238
18424
20732
20085
23099
21287
24431
25147
28031
26677
26027
27175
29163
29325
31453
30723
32699
31975
33955
37326
36598
36908
39977
41046
41152
42678
41979
43126
45683
47640
48153
50109
51377
50881
52102
