9819
11686
10409
10168
10067
10226
10283
9819
10399
10233
10188
10282
10517
10124
10438
10270
10035
10115
10085
9814
10267
9900
10315
10390
10258
10108
10444
10169
10167
10361
10458
10011
10230
10071
9835
9961
10427
10011
10458
10246
9948
10069
10079
9923
10413
10163
10033
10174
10245
10114
10423
10164
10284
10225
10221
9771
10249
9979
9887
9935
10474
10025
10221
10398
9962
10616
10267
10128
10290
10197
10109
10652
10192
10311
10354
10201
10017
10303
10200
10119
10193
10455
10062
10220
10176
10127
10274
10282
9886
10440
10182
10180
10299
10395
10283
10434
10219
10233
10270
10233
9881
10286
10164
10056
10224
10509
10064
10366
10146
10130
10239
10559
10245
10519
10203
10194
10282
10129
9950
10359
10099
10098
10183
10255
9911
10254
10109
10199
10417
10470
10377
10486
10529
10044
10431
10203
10513
10569
10541
10414
10752
10077
10473
10453
10236
10073
10334
10055
10350
10490
10359
9909
10311
10243
10034
10149
10409
9947
10317
10177
10109
10205
10169
10094
10338
10007
10345
10486
10182
9946
10270
9970
10218
10357
10308
9842
10513
10359
10040
10170
10549
10104
10344
10214
10030
10142
10195
9896
10554
10239
10218
10205
10265
9998
10505
10342
10073
10509
10321
10375
10552
10429
10037
10757
10515
10308
10628
10729
10429
10460
10146
10473
10572
10583
10388
10550
10145
10037
10108
10202
9876
10246
10060
9908
10119
10209
9783
10256
10156
9979
10171
10471
10090
10143
9907
9947
10138
10083
9917
10392
10176
9912
9963
9990
9765
10214
10040
9837
10030
10066
9645
10160
10101
9844
10052
10386
10052
10242
9943
10136
10365
9987
10285
10354
10114
9927
10338
10043
10044
10240
10349
9884
10436
10213
9953
10109
10370
9936
10339
10176
10015
10120
10290
10072
10355
10013
10214
10270
10060
9850
10452
10158
10123
10333
10481
10078
10454
10272
10161
10325
10424
9969
10336
10166
9977
10113
10137
9895
10267
10052
10088
10144
10180
9984
10601
10327
10025
10120
10326
9809
10340
10146
10007
10215
10499
10034
10358
10221
10288
10547
10249
10228
10272
10442
10347
10441
10176
10407
10390
10565
10210
10368
10206
10366
10541
10617
10253
10426
10235
10304
10427
10407
10189
10386
10103
10350
10392
10286
10100
10416
10091
10101
10175
10319
10002
10314
10152
10019
10106
10514
10115
10376
10199
10050
10153
10260
10186
10329
9997
10128
10165
10381
10280
10493
10177
10022
10112
10289
9845
10501
10118
9996
10160
10220
9794
10276
10540
10099
10403
10282
10483
10525
10465
10250
10383
10156
10435
10369
10302
10054
10447
10174
10161
10419
10431
9985
10510
10319
10309
10446
10499
10111
10608
10413
10466
10574
10512
10292
10627
10301
10412
10341
10181
9903
10247
9935
10006
10117
10156
9763
10163
9981
9859
9929
10420
10006
10432
10216
10246
10274
10299
10072
10256
9929
9984
10076
10245
9971
10362
10095
9875
10317
10197
10107
10177
10518
10002
10449
10392
10110
10322
10230
9889
10385
10068
9981
10150
10411
10153
10477
10168
10203
10340
10314
10096
10401
10266
10173
10290
10259
9740
10361
10293
9978
10169
10357
9871
10213
9980
10243
10383
10306
10093
10541
10150
9993
10030
10116
9937
10274
10084
9919
10027
10156
9777
10150
10073
9967
10091
10367
9896
10173
9899
9930
10165
10068
9872
10242
10298
10084
10688
10371
10323
10503
10518
10082
10688
10497
10109
10399
10639
10176
10357
10201
10463
10494
10526
10169
10614
10424
10343
10319
10260
10022
10504
10102
10259
10379
10351
9916
10647
10292
10069
10262
10331
9867
10332
10142
10426
10511
10604
10287
10446
10070
10377
10485
10238
9906
10588
10219
10114
10260
10316
9800
10348
10250
10140
10352
10366
9965
10448
10273
10014
10122
10152
10455
10486
10454
10304
10393
10074
10178
10212
10529
10171
10327
10226
10339
10486
10566
10090
10432
10232
10072
10266
10573
10200
10366
10078
10197
10192
10450
10310
10640
10374
10451
10578
10285
9980
10377
10234
10337
10461
10448
9982
10579
10504
10166
10326
10517
10171
10392
10065
10158
10257
10218
10088
10463
10131
9906
10048
10045
9818
10273
10108
10115
10243
10304
9903
10033
10304
9827
10475
10283
10197
10132
10314
10027
10271
10001
10210
10287
10047
9845
10450
10176
10182
10297
10437
9997
10469
10202
9909
10006
10336
9928
10244
10076
10319
10269
10356
10060
10231
9992
10272
10377
10112
9972
10224
9966
10122
10524
10316
9799
10227
10037
9882
10027
10299
9849
10505
10334
10060
10144
10209
10007
10304
9933
10477
10338
10093
9906
10227
9973
10150
10255
10228
10147
10230
10280
9833
10409
10339
10134
10286
10325
10013
10519
10278
10073
10229
10262
9996
10576
10335
10242
10328
10289
9899
10347
10187
10032
10285
10614
10196
10605
10437
10106
10310
10395
10026
10484
10223
10249
10251
10448
10291
10438
10217
10271
10371
10358
9936
10353
10234
9990
10202
10336
9877
10416
10251
9974
10150
10263
9982
10329
10059
10235
10251
10297
10095
10339
10252
10012
10544
10279
10127
10253
10626
10191
10526
10418
10011
10169
10559
10087
10383
10207
10137
10211
10200
10034
10370
10106
10147
10212
10172
10022
10556
10223
10043
10185
10378
9836
10464
10305
9965
10166
10368
9938
10304
10215
10349
10436
10368
10200
10590
10310
10240
10314
10286
10007
10570
10257
10168
10362
10398
9912
10443
10278
10019
10142
10415
9902
10345
10172
10152
10170
10646
10273
10349
10510
10218
10640
10004
10035
10129
10183
9932
10378
10209
10054
10226
10204
9784
10179
10198
10175
10378
10573
10127
10415
10250
9966
10162
10055
9896
10247
9844
10072
10142
10328
10016
10247
10053
10128
10326
10170
9699
10475
10485
10151
10373
10347
9966
10343
9995
9909
10109
10289
10165
10279
9976
10157
10328
10118
10585
10278
10086
9992
10067
10301
9876
10401
10290
10026
10600
10475
10214
10302
10437
10208
10353
10100
10176
10221
10078
9928
10241
10078
10273
10426
10286
9856
10278
10054
9907
10037
10343
9875
10398
10203
10239
10296
10116
9879
10300
10021
10315
10242
10322
9999
10366
10045
10060
10351
10358
9865
10446
10251
10306
10478
10515
10094
10541
10390
10192
10175
10221
10083
10357
10118
10357
10492
10148
10066
10340
10038
10131
10251
10232
9822
10424
10449
9975
10485
10371
10366
10489
10434
