9901
11079
9373
9977
9728
9901
9901
9754
9515
10004
9827
9634
10119
9736
9818
10065
9804
9565
9797
9434
9890
9857
9503
9713
9679
9344
9786
9774
9479
9641
9700
9671
9448
9768
9460
9345
9656
9604
9459
9707
9425
9283
9533
9582
9748
9828
9485
9574
9925
9431
9661
9681
9427
9564
9897
9607
9425
9658
9436
9702
9957
9724
9531
9844
9465
9509
9720
9355
10445
9691
9339
9941
9908
9558
9717
9740
9844
10036
10069
9757
9582
9814
9748
9612
10001
9667
9571
9759
9773
9665
9912
9486
9718
9844
9517
9647
9889
9458
9627
10088
9627
9831
9865
9570
9698
9950
9708
9532
9803
9530
9871
10118
9931
9789
10057
9624
9886
9942
9604
9775
9865
9938
10100
10112
9742
9877
9990
9957
9823
10156
9800
9659
9908
9661
9655
9810
9598
9438
9999
9575
9789
9820
9435
9589
9880
9531
9728
9707
9374
10118
10141
9977
9756
9949
9740
9833
10207
9892
9705
9975
9685
9706
9881
9555
9720
9739
9653
9781
9847
9420
9541
9646
9596
9714
9787
9584
9446
10022
9713
9490
9792
9642
9453
10003
9730
9575
9849
9496
9620
10175
9821
9905
10098
9689
10061
10008
9703
9907
9903
9687
9923
10119
9854
9711
9972
9809
9755
9977
9785
9644
9870
9685
9897
9894
9585
9703
9542
9463
9583
9570
9379
9457
9802
9644
9349
9617
9353
9226
9849
9614
9481
9753
9364
9312
9955
9607
9880
9934
9520
9867
9761
9452
9573
9610
9385
9701
9749
9585
9342
9609
9284
9557
9902
9574
9470
9742
9562
9391
9633
9335
9501
9526
9539
9670
9688
9317
9426
10083
9794
9966
10028
9723
9547
9801
9646
9482
9740
9569
9310
10100
9758
9647
9843
9544
10047
10055
9669
9829
9799
9435
9807
9824
9574
9684
9767
9483
9779
10051
9773
9680
9957
10027
9783
10136
9721
9522
9789
9451
9783
9765
9447
9566
9988
9605
9749
9892
9398
9555
9951
9746
9584
9792
9534
9427
10163
9929
9801
10016
9835
9660
9916
9554
9660
9743
9379
9970
10081
9729
9890
9956
9552
9832
9848
9570
9593
9796
9886
9672
9909
9684
9542
9741
9759
9616
9855
9457
9609
10018
9662
9864
9823
9430
9677
9933
9630
9704
9848
9540
9380
9876
9592
9468
9790
9506
9701
9975
9681
9531
9884
9398
9822
9892
9507
9638
9661
9286
9849
9861
9547
9657
9737
9719
9575
9852
9595
9354
9742
9983
9867
10068
9779
9734
10135
9780
9972
10018
9709
9895
10282
9862
9994
10037
9730
9956
10248
9936
9872
10099
9816
9764
10016
9759
9643
9855
9589
9890
10123
9690
9876
9921
9788
9953
9747
9422
9538
9643
9654
9803
9884
9580
9398
9690
9687
9642
9889
9565
9481
9872
9530
9388
9611
9255
9483
9839
9493
9596
9652
9217
9441
9728
9470
9610
9690
9426
9452
9792
9450
9381
9641
9369
9545
9854
9552
9318
9574
9483
9695
9722
9403
9535
9565
9550
9634
9654
9499
9644
9628
9925
9731
9899
9753
9552
9944
9753
9601
9843
9502
9295
9863
9498
9741
9789
9463
9639
9775
9404
9654
9611
9387
10045
10075
9833
9620
9820
9676
9551
9833
9619
9428
9677
9909
9722
9906
9553
9782
9834
9657
9879
9944
9567
9789
9763
9612
9756
9840
9644
9469
10219
10042
9804
10080
9845
9589
9910
9738
9549
9805
9425
9563
9900
9584
9776
9787
9424
9843
9899
9535
9714
9760
9495
9853
10033
9789
9616
9824
10042
9873
10080
9892
9696
10033
9651
9745
9811
9490
9575
9684
9682
9838
9893
9583
9683
10185
10013
9789
9992
9782
9608
9925
9698
9566
9765
9488
9343
9852
9479
9690
9731
9428
10016
10004
9708
9821
9884
9549
9877
9983
9765
9567
9799
9693
9582
9894
9625
9478
9714
9683
9534
9766
9402
9577
9687
9715
9899
10001
9634
9865
9962
9624
9830
9855
9592
9432
10061
9817
9659
9964
9666
9549
9984
9711
9559
9805
9425
10167
10186
9861
10053
9838
9464
9884
9788
9535
9644
9784
9852
9683
9917
9661
9495
9927
9862
9718
9975
9658
9513
9761
9652
10016
9780
9396
9634
9910
9578
9668
9721
9453
9653
9942
9633
9462
9754
9492
9284
9808
9525
9435
9683
9366
9647
9912
9431
9682
9716
9408
9765
9759
9367
9608
9585
9575
9812
9804
9512
9347
9645
9604
9434
9877
9569
9411
9644
9824
9791
9927
9559
9816
10085
9667
9869
9795
9400
9669
9865
9515
9784
9714
9523
9206
9824
9544
9358
9729
9440
9593
9811
9541
9413
9648
9211
10006
10110
9722
9859
10057
9931
10064
10186
9782
9869
9936
9772
9684
9920
9737
9563
9822
9778
9549
9797
9598
9443
10196
9896
10004
10000
9688
9815
10211
9880
9987
10035
9719
9954
9993
9767
9683
9975
9657
9914
10143
9898
9735
9948
9840
9746
10049
9631
9738
9802
9662
9788
9755
9436
9569
9628
9658
9748
9858
9623
9390
9739
9769
9592
9931
9626
9508
9907
9638
9555
9816
9387
9516
10103
9706
9867
9849
9540
9924
9795
9525
9753
9723
9522
9801
10074
9906
9671
9980
9744
9789
10127
9764
9641
9834
9745
9903
9963
9634
9771
9850
9914
10031
10122
9810
9879
9994
9915
9740
9939
9696
9560
10130
9929
9676
9925
9763
9493
10080
9624
9742
9811
9516
10183
10082
9612
9798
9824
9524
9770
9809
9508
9280
9601
9356
9750
9997
9752
9654
9884
9865
9712
9916
9530
9854
9821
9791
9860
9972
9800
9728
9692
9748
9877
9953
9674
9478
10015
9768
9632
9988
9660
9561
10072
9730
9628
9883
9475
9853
9963
9550
9673
9766
9382
9953
9976
9720
9924
9902
9733
9638
9958
9696
9508
9834
9783
9573
9863
9554
9346
9568
9459
9795
9766
9458
9568
9548
9633
9706
9815
9520
9718
9884
9571
9431
9695
9386
9244
9961
9648
9501
9828
9448
9542
9816
9387
9653
9690
9346
10043
10223
9798
9933
9972
9615
10083
10099
9823
9758
10082
10063
9877
10105
9797
9671
9920
9995
9937
10173
9729
9866
9909
9717
9919
9969
9556
9799
10054
9674
9832
9876
9621
9522
10009
9709
9570
9775
9519
9693
9903
