16713
13492
11858
10536
10399
10097
10415
10157
10110
10261
10012
10054
11023
10936
10078
10323
12688
12105
11457
9911
10220
10241
10186
10287
10134
9917
10118
10092
10148
10195
10275
9974
10262
10153
10143
10158
10275
10779
11406
10267
9822
9898
10098
9952
9944
10171
9887
10049
10047
9922
10127
9998
9918
10530
10423
10283
10427
10321
10749
10369
11452
10465
10185
10176
10203
10057
10044
10319
10485
10170
10477
10238
10207
10346
10094
10145
10255
10196
10273
10274
10004
10016
10218
9938
10138
10278
10061
10238
10138
10100
10243
9963
10265
10316
10191
10274
10412
11097
12025
10445
10198
10209
10205
10149
10265
10316
10195
10528
10566
10282
10678
10446
10312
10677
10313
10288
10567
10303
11063
10629
10312
10459
10355
10274
10430
10270
11517
10512
10360
10362
10528
10484
10181
10405
10347
10123
10466
11131
11206
10447
10100
10297
10108
10070
10189
10134
10007
10271
10994
10068
10329
10380
10256
10301
10309
10163
10360
10404
11020
10423
10409
10105
9979
10527
10243
10282
10588
10325
10885
10531
10450
10285
10439
10359
10302
10376
10354
10238
10400
10277
10218
10325
10465
10164
10090
10392
10116
10306
10440
10290
10683
10434
10235
10435
10270
10253
10495
10277
10887
10440
10427
10116
10100
10319
10156
10221
10255
10106
10794
10359
10254
10378
10201
10278
10400
10040
9927
10013
9987
10058
10268
9915
10153
9950
9932
9990
9767
9766
10070
9849
10781
10147
9802
10159
9757
9913
10098
9834
10025
10088
9699
9844
9899
9844
9856
10026
9880
9735
9901
9773
10410
9970
9840
10078
9762
9671
9946
9849
9593
9927
9860
9722
9991
9939
9812
9888
9999
9813
9932
10042
9908
9845
9870
9804
10380
10398
10257
10432
10534
10202
10947
10513
10167
10041
10449
10328
10186
10458
10224
10255
11058
10130
10360
10462
10391
10109
10415
10336
10004
10333
10386
10113
10081
10281
10035
9994
10203
9926
10100
11642
10842
10143
10476
10487
10327
10532
10250
10275
10413
10410
10978
10430
10214
10226
10036
10175
10239
10018
10237
10584
10357
10379
10448
10455
10268
10554
10503
10323
10572
10409
10545
10686
10493
10298
10473
11673
10259
10270
10524
10586
10397
10453
10305
10233
10492
10305
10212
10426
10310
10100
11671
10268
10335
10305
10429
10259
10286
10387
10187
10288
11041
10307
10290
10096
10341
10155
10024
10312
9986
9987
10369
10021
10308
10295
10205
10477
10540
10360
10510
11176
11454
10530
10265
10482
10367
10297
10586
10200
10332
10191
11339
10425
10120
10393
10331
10234
10425
10219
10155
11733
11274
10241
10449
10422
10147
10305
10463
10384
10268
10411
10440
10466
10462
10367
10488
10407
10319
10298
10438
10091
10946
10441
9778
9769
10153
9851
9938
9978
9810
10170
11630
10497
10147
10336
10350
11432
10394
10387
10090
10378
11421
10409
10378
10305
10343
10054
9955
10117
9940
9939
10198
10940
10101
10239
10276
10015
10100
10186
10150
10142
10911
10843
10246
9886
10179
9891
9964
10294
9939
10184
10157
10284
10054
10133
10300
10164
10251
10338
9932
10194
10696
10810
10241
10169
10540
10297
10363
10340
10090
10099
11018
11248
10215
10513
10101
10208
10318
10169
10448
10420
10266
10407
10332
10142
10027
10271
10204
10356
10468
11415
10298
10790
10002
10145
10409
10312
10315
10366
10371
10137
11772
10800
10293
10092
10433
10398
10106
10374
10414
10194
10341
11071
10055
10313
10115
10380
10444
10063
10209
10408
10076
10270
10442
10332
10216
10256
10310
10137
10347
10176
10129
11326
10223
10151
10313
10314
9981
10281
10322
11013
11107
11005
9956
10028
10276
10168
9887
10162
10443
9876
10865
11246
9917
9908
10208
10034
9950
10174
10181
10017
10870
10951
9832
10007
10117
9985
10075
10241
10004
10090
10083
10064
9895
10047
10481
10302
10603
10631
10405
10530
11058
10977
10589
10305
10439
10553
10339
10240
10466
10217
10493
10501
10349
10392
10445
10207
10485
10416
10385
10413
11178
10803
10224
10513
10377
10261
10597
10414
10204
10543
11242
11052
10489
10209
10466
10164
10214
10439
9832
9863
10069
9812
10165
10293
10196
10053
10105
10116
9904
10139
11573
10631
10247
10142
10234
10024
9945
10162
9959
9958
10945
10695
9951
10180
10135
9791
10200
10198
10046
10021
10115
9950
10105
10130
10001
9980
10199
9941
9899
10034
10644
10483
10150
9811
9809
10112
9881
9780
10098
9994
11282
11205
10039
10077
9838
9993
10039
9800
10139
10133
10593
10912
9929
9889
9865
10132
10192
9998
10184
10012
10885
11667
9847
10219
9947
10071
10233
10109
10059
10166
10924
10383
10196
9909
10007
10200
9926
9920
10021
9911
11340
11001
10096
9929
10279
10068
9931
10279
10232
9871
10236
10040
9875
10229
10070
10037
10126
9853
10188
10105
11331
10942
10151
9809
9813
10010
9915
9780
9918
9922
10104
10300
10094
10198
10288
10194
10224
10365
10295
10172
10911
11168
10142
9935
10269
10262
10142
10236
11360
9940
10184
10230
12716
10026
9845
10231
10036
11116
10238
10014
9863
10832
10008
9888
9859
10179
10036
9936
10077
10046
9778
10064
10082
9911
10087
9827
9749
10041
9770
9857
10741
10805
10408
10664
10353
10006
9974
10281
10222
10020
11076
10118
10109
10311
10303
10022
10322
10292
10066
10276
10366
10137
10141
10284
10003
10317
10358
9948
10247
10298
9991
10139
10336
10072
10115
10230
10042
10203
10245
9999
10943
10280
10051
10088
9803
9617
9844
9882
9672
9941
9939
9656
9712
9770
9618
9523
9844
9763
9687
9775
11522
10229
10357
10285
10253
10376
10420
10054
10327
10266
10021
10263
11670
10073
10214
10368
9979
10689
10286
10027
10262
10310
10056
10311
10230
9991
10174
10272
10085
10302
10276
10076
10266
10213
10023
10062
10365
10019
10176
10357
9896
10150
10180
9862
10143
10286
9989
10193
10230
9931
10770
10181
10065
10006
10211
10268
10385
10250
10103
10276
10390
10297
10184
10508
10074
10112
10303
10143
10235
10476
10885
10194
10169
10284
10185
10281
10472
10163
10478
10469
11028
10577
10508
10247
10196
10464
10319
10242
10464
10332
10164
10485
10276
10108
10404
10235
10135
10506
10121
10202
11628
10241
10164
10280
10421
10154
10305
10398
10176
10244
10606
10269
10536
10569
10281
10512
10529
10246
10559
10497
