9811
12539
10524
10017
10170
10058
9811
9867
10222
9941
10045
10012
10406
10449
10310
10037
9843
10234
10277
9942
9929
10216
9893
10741
10000
10188
10414
10139
10218
10209
9983
10209
10278
9730
9681
9927
10497
10390
10324
10337
10015
10367
10248
10056
10132
10034
10013
10209
9941
10325
10387
9924
10179
10269
9971
10224
10160
9838
9776
10214
10074
9936
10015
10313
10277
10383
10300
10061
10414
10106
10021
10438
9811
9914
10250
9815
10399
10327
10436
10331
10180
9929
9822
10080
10096
9908
10258
10008
9974
10665
10220
10161
10141
10127
10068
10165
10315
10036
10219
10163
10110
10378
10063
10174
10397
10060
10059
10254
10398
10220
10262
10258
10147
10195
10185
10091
10247
10335
10473
10424
10054
10371
10274
10095
10120
10322
10079
10170
10414
10126
10099
10556
10263
10239
10559
10265
10266
10433
10184
9876
10165
10012
10249
10445
10285
10195
10549
10038
10110
10671
10069
9991
10096
10313
9797
10225
11134
10016
10194
11694
10011
10267
10195
9887
10115
10310
10270
10440
10112
10470
10288
10063
11370
10516
10028
10341
10433
10111
10231
10229
10074
10203
10335
10267
9993
10409
10222
9896
10382
10429
10336
10461
10055
10260
10280
9986
10387
10652
10097
10444
10596
10199
10244
10154
10285
10006
10280
10358
9917
10527
10425
10305
10236
10233
10165
10347
10098
10030
10260
9743
10040
10115
10261
10040
10410
10215
10017
9969
10280
9831
10139
10378
10263
9970
9861
10120
10099
10397
10107
10301
9979
9871
10268
9957
10059
10068
10076
9799
10233
10166
10152
9951
10356
10279
10494
10138
10013
9896
10017
9708
10179
10082
10303
10265
10057
10065
10221
10231
10077
10181
10085
10038
10190
9991
10104
10384
10295
10000
10113
10194
9956
10346
10027
10184
10236
10118
9904
10215
10885
10034
10351
10136
10329
10193
9916
10077
10106
10015
9963
9904
10207
10428
10390
10159
10256
10178
10370
9813
10341
10303
10109
10241
10288
10053
10431
10292
10626
10340
10029
10068
10561
9985
10179
10431
10300
9830
9985
10326
10394
10692
10275
10152
10389
10445
10312
10269
10148
10485
10480
9919
10250
10766
10220
10447
10563
10113
10318
10442
10375
9908
10264
10102
10021
10317
10361
10320
10282
10261
10165
10575
9959
10049
10461
9999
10031
10396
9881
10031
10562
10113
10257
10208
10389
10037
10434
10200
10139
10246
10212
10011
9988
10506
10606
10604
10242
10299
10228
10113
10192
10231
10144
10068
10302
10348
10099
10438
10418
10154
10492
10215
10160
10157
10233
10208
10077
10007
10477
10749
10485
10447
10694
10309
10406
10404
10203
10100
10444
10092
10087
10489
10367
10386
10380
10231
10117
10501
10457
10225
10358
10234
10312
10277
10091
9995
10507
9888
10042
10355
10163
10042
10068
9850
9880
10007
9923
10013
10081
10176
10094
10368
10102
9778
10081
10353
10071
10093
9722
9819
9959
9858
10119
10472
10109
10166
10434
9848
10011
10201
10074
9792
9923
9884
9654
9781
10341
10558
10227
10434
10194
10154
10139
10036
10070
9742
9914
10081
10158
10217
10472
9981
10265
10085
10136
10165
10315
10350
9998
9947
9980
9745
10200
10222
10166
10264
9945
10094
10146
10113
10147
10354
10298
10133
10341
10074
9951
10041
10543
10214
10197
10374
10101
10331
10010
9987
10270
10120
10037
10625
10125
10428
10587
10093
10354
10199
10249
10152
10370
10157
9981
10007
10641
10294
10231
10214
10074
10162
10500
10031
10294
10475
10233
10379
10343
10216
10677
10353
10457
10683
10344
10281
10680
10168
10168
10310
10226
9883
10531
10385
10111
10463
10459
10247
10215
10147
10212
10357
9814
10087
10211
9887
10299
10527
10256
10325
10357
10014
9918
10372
10194
9889
10031
10305
10053
10210
10447
10119
10436
10181
10055
10397
10231
10040
10214
10093
9937
10392
10148
10223
10465
9969
10211
10169
10408
10228
10259
10121
9827
10323
10139
10044
10295
10277
10170
10391
10189
10270
10396
10067
10502
10372
9947
10355
10362
10441
10125
10406
10525
10070
10342
10417
10031
10149
10317
10198
10313
10454
10397
10821
10280
10029
10377
10041
10229
10247
10054
10190
10098
9782
9855
10270
10368
10190
10251
10241
10042
9940
10105
9861
9945
9946
9890
9984
9866
10250
10319
10082
10141
10441
9870
9941
10130
9705
9786
10133
10329
9967
10373
10389
9854
10155
10103
9810
10053
9984
10158
10050
9905
9836
10447
10187
10399
10517
10435
10266
10231
9799
10288
10290
10393
9869
10075
10113
10118
10247
10341
10082
10295
10100
10036
10330
10067
9914
10151
10038
10035
10291
10138
10089
10219
10211
9889
10228
10366
10071
10197
10092
10007
9893
9992
9884
10229
10277
10066
10506
10019
10404
10344
10068
10390
10400
10024
10206
10579
10095
10364
10274
10227
9996
10180
10148
9994
10106
10517
10107
10415
10361
10483
10455
10203
10219
10459
10208
10289
10436
10187
10091
10189
10127
10391
10350
10301
10223
10412
10621
10117
10470
10410
9947
10239
10239
10341
10088
10221
10230
10362
10197
10329
10248
10188
9990
10305
9938
9903
10268
10556
10142
10581
10394
10009
10340
10241
10135
10299
10069
9975
10375
9827
10114
10600
10447
10184
10564
10230
10337
10292
9943
9885
10008
10149
10001
10164
10503
10274
10531
10190
10068
10190
10397
10050
10190
9992
10145
10216
9900
10186
10594
10137
10215
10642
10047
10506
10176
10394
10013
10374
10605
9938
10068
10494
10075
10251
10452
10455
10403
10095
10106
10023
10082
10152
10299
9896
10116
10399
10171
10122
9966
10212
10061
10051
10048
9966
10167
9966
9895
9926
10483
10165
10616
10119
9944
10358
9920
10248
10326
9751
10159
9962
9869
9945
10251
10388
10112
10350
10044
10030
10047
9892
9908
9930
10135
10170
10315
10207
10384
10198
10096
10223
10194
9871
10002
10080
9757
9693
10115
10650
10400
10503
10261
9908
10247
9985
9901
10041
10016
9950
10518
9996
10149
10362
10226
10382
10334
9946
10137
10113
9832
9773
10034
10276
10024
9963
10457
10214
10101
10021
9860
10052
10330
10311
10196
10040
10326
10319
9931
10250
10583
10135
10114
10579
10034
10265
10482
10387
10173
10313
10246
10021
10424
10481
10131
10344
10304
10346
10381
10246
10061
10261
9915
10100
10388
10385
10201
10633
10114
10179
10219
10334
10360
10334
10417
