9946
12511
10501
9966
10256
10204
10064
10340
10186
9946
10234
10169
10097
10252
10105
10031
10165
9838
9882
10437
10313
10307
10349
10174
10100
10264
10122
10082
10261
10377
10060
10335
10178
9974
10276
10202
10091
10265
10458
10227
10376
10128
10156
10304
10150
10177
10278
10021
10008
10184
10075
9949
10208
10218
10004
10262
10084
9832
10245
10113
10201
10386
10269
10138
10213
9960
9951
10065
9997
10071
10045
9873
9805
9976
9808
9725
9948
10024
10074
10311
10128
9957
10256
10062
10121
10222
10100
10035
10127
9788
9927
9911
9853
9949
10070
9781
9862
9997
10486
10357
10586
10462
10281
10528
10470
10300
10544
10421
10389
10529
10334
10295
10465
10239
10284
10282
10085
10195
10322
10060
10242
10210
10075
10025
10151
10174
9977
10214
10193
9965
10260
10169
10055
10128
10016
9936
10203
10425
10539
10515
10359
10456
10427
10223
10183
10374
10145
10157
10343
10424
10155
10476
10291
10082
10339
10236
10559
10500
10375
10248
10354
10131
10193
10191
10094
10138
10247
9996
9934
10114
9931
9903
10078
10183
9926
10163
10242
10021
10378
10214
10154
10321
10270
10095
10248
9944
10061
10069
9989
10000
10060
9927
9942
10043
9974
9851
10629
10653
10392
10723
10591
10302
10582
10525
10419
10600
10461
10406
10554
10213
10340
10381
10279
10248
10397
10210
10082
10276
10154
10078
10346
10338
10088
10434
10218
9948
10303
10217
10121
10352
10254
10068
10140
9947
9896
10379
10246
10357
10360
10269
10138
10253
10095
10019
10298
10258
10048
10393
10184
9926
10257
10123
10080
10271
10127
10118
10254
9975
10082
10053
9973
10006
10087
9876
9835
10001
9813
9742
10089
10084
9896
10161
9918
9704
10024
10478
10400
10569
10524
10355
10450
10169
10236
10310
10217
10276
10329
10207
10081
10201
10055
9994
10287
10311
10032
10566
10487
10166
10455
10324
10354
10543
10419
10319
10382
10068
10152
10258
10124
10170
10222
10055
10111
10293
10442
10340
10452
10561
10348
10597
10508
10303
10552
10511
10310
10471
10360
10323
10480
10153
10280
10318
10091
10194
10312
10155
10146
10304
10079
10038
10281
10185
9983
10229
10159
9967
10272
10172
9988
10173
10031
9946
10214
9860
10273
10269
10150
10144
10217
10040
9959
10126
10035
9887
10116
10116
9951
10197
10072
9868
10136
9968
9961
10669
10598
10435
10548
10311
10426
10480
10279
10392
10457
10214
10212
10313
10144
10115
10291
10383
10128
10385
10292
10219
10499
10354
10342
10481
10364
10256
10372
10084
10178
10199
10078
10182
10204
10025
10094
10251
10124
10037
10211
10292
10216
10397
10279
10050
10371
10237
10193
10299
10258
10086
10259
9960
10044
10121
9949
10030
10106
9880
10178
10337
10204
10107
10362
10353
10143
10458
10261
10055
10334
10214
10189
10334
10214
10158
10744
9924
9987
10169
10015
10067
10189
9942
9882
10008
9868
9780
10021
10018
9902
10174
9949
9759
10031
9958
9884
10023
9881
9891
10504
10163
10299
10265
10222
10285
10406
10126
10127
10247
10080
10018
10343
10297
10088
10412
10258
9985
10264
10174
10300
10478
10355
10293
10293
10095
10118
10123
10160
10189
10251
10027
9894
10131
9945
9891
10113
10221
9908
10327
10285
9950
10218
10178
10063
10312
10251
10078
10118
9888
9904
10019
9898
10015
9998
9855
9895
10055
9866
10175
10304
10332
10109
10375
10370
10093
10412
10292
10195
10377
10178
10060
10317
9982
10094
10150
9935
9989
10074
10161
10165
10344
10212
10194
10275
10266
10056
10327
10282
10071
10371
10282
10119
10240
10208
10110
10264
9941
10409
10337
14551
13827
13426
13348
16191
14367
13455
12227
15478
15430
14586
10393
9977
10257
10299
9932
10267
10331
10496
10540
10595
10375
10470
10594
10390
10266
10537
10316
10184
10461
10105
10194
10494
10119
10114
10389
10059
10195
10449
10078
10336
10522
10247
10262
10449
10121
10202
10311
10125
10025
10309
10044
10071
10285
9991
9950
10273
10382
10456
10679
10964
10576
10612
10287
10510
10656
10416
10467
10620
10452
10371
10487
10365
10261
10563
10240
9918
10292
9940
9905
10292
9970
10048
10294
9961
10090
10110
9814
10040
10258
9963
10045
10036
9866
9967
10014
9915
10094
10354
10154
9927
10175
9892
9945
10290
9891
9870
10169
9790
9967
10034
9744
9975
10122
9883
9948
10048
10070
10217
10294
10110
9997
10299
10074
9949
10227
9903
9941
10251
9923
9973
10253
9824
9961
10171
9749
10537
10623
10389
10511
10576
10243
10329
10465
10352
10184
10468
10220
10116
10297
10024
10028
10469
10048
10076
10275
10121
10270
10370
10095
10346
10541
10261
10292
10311
10127
10240
10319
10230
10004
10343
10099
10097
10346
10040
10090
10392
10132
10101
10371
10061
10272
10366
10004
10200
10287
10073
10179
10265
10071
10127
10311
9957
9915
10150
10456
10377
10683
10405
10334
10575
10296
10330
10585
10244
10409
10544
10234
10366
10494
10232
10375
10544
10312
10273
10502
10254
10167
10405
10112
10098
10323
9999
10019
10281
9958
10027
10244
9896
10087
10178
9832
10081
10257
9956
10507
10530
10306
10339
10465
10304
10176
10471
10236
10203
10346
9993
10032
10417
10042
10052
10352
10005
10164
10238
10021
10307
10442
10208
10228
10381
10053
10170
10273
10031
10012
10329
9963
10035
10236
9930
9913
10249
9897
10259
10491
10113
10299
10437
10054
10839
10424
10235
10234
10360
10079
10196
10289
10112
9956
10301
10056
9705
9946
9899
9991
10333
9922
9924
10226
9827
9992
10094
9777
10096
10107
10015
9947
10005
9818
9894
9992
9926
9769
10272
10068
9889
10190
9877
9913
10176
9868
9910
10130
9762
9928
10034
9688
9994
10049
9847
9968
9962
10147
10235
10343
10148
10014
10323
10063
9983
10230
9915
9926
10345
9966
9994
10224
9859
9986
10156
9747
10088
10407
10169
10193
10216
10036
10060
10149
10101
9923
10258
9975
9819
10072
9778
9732
10198
9860
9812
10071
9683
10127
10236
9987
10248
10336
10112
10195
10222
10021
10086
10164
10042
9882
10159
9937
9965
10172
9863
9916
10120
10362
10340
10620
10383
10544
10603
10309
10405
10522
10326
10438
10508
10342
10346
10464
10256
10147
10399
10196
10416
10718
10359
10345
10674
10291
10347
10554
10301
10466
10518
10199
10420
10486
10276
10376
