17092
12733
16105
15455
15744
14345
13623
18476
17273
14431
13586
10971
13455
13959
12149
10918
13068
14068
12471
11361
14948
14287
13118
12031
14145
13966
14501
12759
13705
14447
12352
11102
12907
13552
12024
11442
14294
13784
13385
11112
12840
13511
12443
11162
12566
13453
12118
11576
14290
13866
13217
11938
14841
13791
13050
11635
15739
13972
13280
12669
15217
14242
13040
12961
16962
13982
12641
11757
14944
14774
13177
11914
14896
13446
11613
11059
15037
13954
13016
12185
14824
15038
14159
13033
16587
15781
14357
13508
15265
14720
13892
12386
15759
14265
14195
13737
15947
14296
13489
13426
15603
14325
13475
13009
15564
14156
13057
12193
16319
13782
12892
11936
15443
14481
13644
11407
14854
14837
23438
21597
24337
22406
21402
20556
23930
21182
19851
18578
20331
19051
17406
16204
18620
17342
15485
14612
17280
14308
12760
12282
15158
14372
14170
12448
14948
13981
12372
10382
14820
13492
12980
11870
15780
14501
13854
13241
15330
13869
13657
12742
15134
13687
13173
13087
16685
13534
13214
12112
15413
14136
13208
13151
15233
13982
13119
12358
15343
13280
11653
10446
15074
13524
13618
12516
15347
15136
13328
12789
16267
15177
14448
13433
15985
13802
13226
12270
14912
13707
13300
13331
17594
14730
13402
12525
15192
13883
13405
12686
15220
14484
14126
13253
15997
13936
13880
13544
16993
15385
14435
16524
14322
13925
17034
15423
13437
15320
14572
12461
15230
13630
13596
12221
15754
14056
13293
12652
17319
14497
13352
12736
14767
14573
13453
12570
16664
13822
13047
12684
16613
14693
13542
12774
16903
14765
10968
11040
15657
13905
13119
13888
17217
15938
14108
13234
16340
13918
13114
13168
16313
13801
13079
12326
15911
14606
14498
13699
15585
15101
12987
16145
11819
13136
12350
11249
13529
15297
14740
13479
13896
18668
15852
15003
17040
16063
13513
12065
15591
13901
13215
12678
16904
14357
14305
13538
15343
14299
14191
17171
15473
15589
14260
14062
16675
14173
13741
12663
15698
15034
13670
16220
13988
14862
13533
15699
15208
15320
14654
13648
15676
14653
13849
13229
16121
15884
15213
16490
15242
13508
16273
16487
14156
13737
15326
19330
16364
18650
15350
13038
16975
16207
14802
16916
14271
15043
13386
12526
15347
13235
13913
12759
13761
12716
12311
11796
15309
14078
13415
12400
15024
14232
13691
13129
16628
14207
13345
12552
15708
14123
13973
16909
12558
15621
13264
12332
15055
14104
13372
12293
12095
12336
13772
13653
13191
11872
13474
11289
15027
13748
12912
12031
16132
15223
14028
16839
13106
15140
15687
11681
19628
19716
18364
17218
20617
17650
15612
18027
13539
15046
12983
12031
15565
14536
13539
13938
15671
14198
14291
16192
13522
13861
13780
13735
16981
16466
16070
14163
14654
14541
17385
15437
15761
15853
15324
14367
15939
15050
13822
13247
16095
14144
13524
12502
16318
14006
13920
12768
15797
15298
13514
14224
17117
16929
14853
14030
10716
12528
15012
15061
14415
13031
17450
14908
16420
14278
13152
13389
16775
14823
13779
13314
17064
13996
13787
16604
13399
14773
13367
14120
16358
14523
14497
11377
10984
15073
14160
13074
13084
15293
15220
13312
15806
15227
14277
14316
13230
12037
14716
13117
15758
13669
13362
12485
15322
14322
13342
15171
16727
15449
15130
15509
18104
18420
15852
19254
14059
15589
14260
15159
12465
13826
13027
12472
14887
14676
14067
13190
16832
15603
14375
12337
16016
14582
14188
14003
17657
16529
16672
14147
14433
13444
11331
14097
15181
13929
13393
15763
14069
15801
17908
12989
16514
16104
13130
15014
15001
16432
14970
12972
12410
22363
11786
22451
20139
23991
22640
20125
18167
18101
16978
15322
17585
14410
13310
13913
16173
15932
15260
17666
14518
15088
14662
17051
12869
15102
14936
15614
13424
14794
14422
13349
15572
14268
13595
14473
18345
18457
15489
16713
13693
13932
13025
12226
15067
13826
13096
12341
14685
16006
14122
13014
13322
16410
15459
14844
14211
13155
12258
15126
14730
15068
13534
15104
12775
13735
12995
12488
16040
15142
13889
12566
15642
14039
13755
12610
16716
14994
14546
13266
12114
17300
16173
16086
15314
12925
13084
12845
12136
15912
13550
12777
15685
14196
15070
18214
14267
29834
28356
27305
29593
20683
18719
17820
15863
19160
17532
16177
13767
15318
12173
13471
11692
14899
13321
12171
15885
14920
14779
13500
17097
15084
13957
15944
12923
14598
13015
16011
12240
15389
13808
11143
10212
14561
14291
15172
14653
15077
13624
14093
12283
15507
14378
16385
13084
15327
15019
12406
13451
14046
13749
13728
13134
12536
13567
12149
15244
13538
14699
14957
17317
15057
15051
13570
17452
15295
11694
22194
21705
21087
19706
17776
16852
18888
16142
15323
16343
14260
15429
15116
17704
15647
15447
17101
13931
14624
12660
15249
11534
14932
13732
13016
11672
11435
14651
14535
14016
13470
12948
11444
13576
15852
14574
13405
12773
15819
16199
14022
10081
11721
11509
13637
11843
11355
11200
14926
14099
12379
11680
13563
22774
20176
23828
22299
21706
20035
19390
19754
20576
18010
16862
10573
15075
15443
14164
13896
17317
16114
13347
14291
13566
13042
16490
14304
15804
15233
13694
13477
16238
15212
15633
12801
12010
15659
15647
14190
13493
14236
11694
13850
13711
16953
15982
14832
14337
16918
15994
15654
14529
13751
13546
16215
14407
14367
13240
12937
15033
15085
14597
13621
17065
16606
14975
16050
12801
15520
14641
13481
12559
15118
14913
13463
14247
17829
17642
16843
15735
13805
14928
12231
14661
13837
12274
11866
13653
10462
11597
11066
12657
13943
13339
11569
10942
15306
14781
12852
15819
14527
13627
15263
12568
14048
15444
15505
13330
23286
12612
12909
25562
22490
22933
20923
23765
13471
11592
11140
14350
13250
14308
12844
16944
16044
13273
14975
13848
12378
12130
13025
11725
14788
13996
15211
14708
17319
14473
17623
14221
13324
15054
15691
14363
14104
15260
12333
12709
14514
15296
12374
12096
14381
12857
12187
15951
14646
13726
13405
15970
16241
13986
14108
12920
14954
15599
15027
13347
13754
15070
13567
14899
15074
15777
16167
17130
15378
13240
12728
15342
14442
14464
17684
16712
13385
15188
16413
13216
14250
15604
14552
16141
16385
10471
11840
13879
14096
15009
13344
14519
11563
14302
13578
15244
13692
13194
12548
18638
16624
15801
16498
17039
14171
13020
15183
