16371
13247
11153
11332
11568
11279
11349
11646
11179
11418
11231
11565
11585
11675
11292
11720
11517
11153
11193
11626
11338
11711
11381
11653
11302
11651
11412
11574
11625
11175
11409
11450
11423
11284
11152
10937
11760
11480
11204
11594
11380
11133
11640
11178
11518
11580
11486
11187
11431
11256
11438
11556
11421
11568
11907
11703
10977
11684
11190
11549
11615
11737
11389
11761
11569
11237
11509
11666
11438
11525
11309
11607
11590
11491
11701
11603
11582
11766
11459
11712
11501
11424
11291
11171
11849
11286
11290
11609
11364
10932
11472
11494
11415
11530
11540
11526
11944
11602
11549
11526
11948
11494
11923
11526
11438
11773
11597
11359
11419
11764
11598
11556
11717
11420
11752
11804
11669
12442
11592
11584
11747
11601
11668
11878
11358
11679
11763
11740
11370
11669
11385
11613
11778
11696
11488
11407
11589
11373
11572
11427
11325
11541
11592
11092
11640
11546
11654
11615
11533
11383
11906
11440
11338
11736
11607
11239
11774
11773
11430
11807
11577
11396
11402
11475
11221
11602
11259
11522
11725
11427
11534
11681
11720
11639
11525
11591
11383
11667
11312
11614
11830
11899
11465
11656
11702
11559
11816
11245
11521
11733
11791
11405
11657
11518
11464
11553
11528
11629
11665
11571
11611
11811
11766
11445
11734
11862
11506
11716
11999
11573
11686
11735
11431
11900
11424
11561
11438
11494
11302
11416
11479
11413
11281
11505
11402
11315
11221
11090
11597
11543
11340
11534
11517
11411
11256
11642
11557
11278
11516
11300
11509
11406
11299
11174
11649
11220
11467
11406
11283
11563
11555
10960
11539
11317
11336
11467
11675
11259
11459
11397
11680
11338
11802
11295
11686
11183
11159
11657
11521
11476
11330
11344
11370
11394
11236
11304
11619
11754
11179
11769
11633
11204
11385
11578
11177
11901
11648
11543
11580
11357
11469
11222
11433
11252
11536
11261
11128
11229
11597
10961
11532
11461
11261
11650
11450
11158
11603
11579
11331
11646
11701
11571
11993
11571
11669
11547
11975
11752
11606
11689
11602
11747
11312
11586
11710
11975
11127
11687
11512
11330
11735
11519
11569
11617
11607
11515
11652
11781
11430
11942
11565
11787
11529
11357
11542
11451
11414
11608
11741
11621
11598
11388
11859
11405
11587
11716
11397
11668
11759
11624
11640
11591
11593
11659
11851
11403
11774
11514
11608
11440
11398
11232
11454
12077
11305
11799
11605
11234
11547
11577
11195
11903
11382
11522
11646
11690
11614
11590
11599
11860
11758
11822
11226
11883
11570
11345
11618
11522
11598
11671
11567
11126
11499
11583
11737
11757
11846
11427
11715
11502
11529
11926
11718
11552
11695
11702
11596
11602
11740
11534
11782
11616
11376
11678
11738
11335
11755
11788
11487
11953
11521
11420
11441
11519
11209
11433
11181
11610
11552
11505
11239
11387
11340
11357
11450
11756
11096
11803
11536
10918
11300
11133
11115
11423
11560
11168
11504
11282
11506
11455
11695
11238
11492
11267
11476
11471
11342
11281
11592
11571
11448
11832
11529
10970
11164
11259
11437
11622
11617
11516
11222
11410
11446
11755
11559
11409
11687
11552
11080
11715
11228
11478
11676
11673
11125
11615
11347
11363
11275
11522
11146
11561
11664
11541
11587
11172
11238
11249
11557
11305
11531
11464
11472
11252
11572
11215
11577
11431
11507
11830
11861
11354
11712
11312
11564
11590
11615
11336
11732
11645
11507
11759
11503
11706
11701
11767
11509
11659
11377
11610
11611
11853
11604
11914
11488
11634
11708
11788
11649
11712
11796
11387
11858
11273
11561
11541
11657
11549
11645
11308
11816
11434
11663
11623
11825
11503
11309
11564
11911
11301
11880
11472
11339
11610
11836
11262
11596
11509
11545
11703
11507
11757
11433
11482
11358
11812
11373
11474
11687
11623
11407
11590
11428
11383
11404
11827
11438
11626
11432
11527
11636
11557
11468
11874
11936
11522
11515
11473
11523
11339
11710
11138
11599
11686
11541
11535
11795
11250
11664
11568
11739
11527
11657
11623
11934
11358
11867
11674
11592
11452
11745
11746
11456
11568
11322
11806
11723
11634
11468
11782
11682
11623
11712
11621
11415
11641
11570
11559
11521
11243
11166
11402
11515
11391
11430
11722
11297
11407
11560
11114
11440
11346
11344
11553
11408
11192
11494
11342
11288
11629
11336
11252
11465
11192
11513
11279
11733
11506
11811
11419
11225
11558
11585
11293
11513
11637
11393
11464
11453
11021
11367
11520
11218
12251
11572
11379
11337
11282
11151
11417
11545
11772
11521
11568
11276
11729
11372
11650
11697
11676
11353
11563
11443
11031
11620
11407
11315
11480
11716
11391
11685
11096
11401
11269
11655
11296
11822
11582
11184
11531
11933
11341
11840
11647
11585
11729
11553
11103
11205
12571
11308
11466
11411
11506
11812
11814
11647
11910
11658
11620
11697
11665
11799
11646
11453
11505
11647
11764
11479
11852
11729
11649
11798
11569
11400
11437
11800
11551
11783
11322
11803
11778
11549
11596
11801
11728
11431
11685
11729
11571
11838
11459
11555
11675
11829
11229
11788
11779
11337
11786
11495
11641
11448
11362
11184
11633
11271
11755
11562
11697
11367
11615
11517
11299
11774
11878
11501
11811
11455
11601
11403
11683
11489
12198
11684
11385
11809
11562
11588
11455
11700
11577
11797
11384
11273
11505
11506
11279
11826
11654
11751
11487
11582
11413
11571
11576
11555
11592
11832
11301
11721
11633
11568
11757
11336
11688
11727
11722
11605
11831
11318
11680
11649
11800
11442
11800
11867
11590
11787
11928
11510
11697
11787
11413
11260
11521
11152
11414
11566
11150
11648
11150
11161
11178
11387
11140
11453
11296
11342
11584
11347
11135
11657
11294
11198
11570
11388
11464
11480
11376
11580
11558
11544
11495
11223
11548
11138
11592
11150
11084
11574
11406
11023
11513
11481
11128
11540
11500
11206
11569
11342
11360
11445
11607
11236
11525
11306
11830
11512
11773
11123
11552
11429
11233
11547
11528
11225
11415
11375
11266
11618
11508
11378
11677
11624
11360
11463
11416
11576
11563
11716
11575
11626
11599
11515
11414
11146
11316
11464
11417
11057
11571
11328
11394
11308
11392
11337
11671
11552
11476
11629
11917
11526
11752
11485
11503
11743
11537
11318
12067
11677
11691
11595
11515
11591
11561
11655
11392
11632
11487
11579
11629
11541
11385
11855
11412
11479
11733
11737
11330
11916
11636
11550
11769
11679
11463
11648
11799
11112
11601
