17816
14319
16102
11529
11150
11028
11308
11318
11184
11174
11198
11048
11348
11119
10988
11339
11316
11126
10843
11232
17716
15485
14953
14717
16408
11074
11675
11369
11563
11782
11569
11766
11460
14933
13514
13355
11769
11700
11446
11428
11451
11294
11522
11503
11436
11625
12342
12254
13352
11689
11476
11379
11716
11450
11600
11725
11445
11361
11481
11293
12963
12769
11697
11506
11594
11478
11253
11325
11641
11383
11372
11629
14710
14487
14598
11952
11502
11363
11660
11641
11227
11608
11558
11461
11636
13918
13369
13134
11308
11400
11477
11428
11290
11597
11614
11304
11764
11527
12035
12504
13360
11352
11326
11684
11536
11495
11691
11608
11289
11645
11448
11382
13271
13336
11559
11429
11579
11457
11438
11560
11666
11436
11675
11468
15283
15134
13973
12453
11230
11425
11523
11463
11289
11492
11484
11299
11523
14052
12344
12565
11311
11507
11183
11450
11421
11102
11369
11260
11355
11407
12594
11652
12390
11189
11606
11290
11973
11551
11344
11383
11051
11036
11333
11684
12524
12917
11834
11597
11680
11806
11803
11517
11892
11953
11673
11885
16066
15782
14955
12418
11689
11701
11838
11625
11473
11741
11626
11569
11860
14088
13968
13083
11861
11809
11609
11769
11812
11537
11830
11699
11573
11820
12553
12344
13197
11738
11979
11513
11861
11458
11600
11752
11705
11805
12163
12498
14209
11305
11467
11426
11505
12390
11526
11266
11479
12367
11114
11493
11929
12371
11225
11280
11400
11430
11322
11585
11470
11475
11710
11561
11438
14416
14108
12812
13491
11653
11645
11287
11446
11515
11273
11496
11584
14275
13080
12914
11566
11328
11227
11533
11257
11456
11521
11423
11264
11507
11904
12230
14399
11611
11452
11532
11539
11188
11147
11465
11285
11246
11553
11347
12562
11947
11276
11302
11293
11562
11250
12453
11418
11143
11500
11257
12338
12474
11513
11220
11276
11277
11102
11300
11401
11279
11643
11796
16032
15694
14607
13303
11863
11615
11726
11780
11710
11814
11847
11804
11634
13875
13564
12937
11735
11925
11724
11585
11865
11656
11537
11855
11635
11523
12563
12355
13413
11688
11654
11459
11815
11658
11666
11834
11704
11463
11706
11577
12963
12355
11450
11620
11613
11390
11604
12350
11578
11719
11711
11511
12470
11926
11675
11445
11493
11628
11631
11309
11623
11676
11427
11465
11655
13708
13569
12544
11948
11709
11935
11805
11587
11791
11542
11552
11769
13782
13446
12974
11838
11572
11717
11908
11904
11590
11918
11842
11723
11780
12310
12457
13305
11715
11856
11686
11459
11755
11728
11598
11824
11720
11465
11445
13830
13125
12831
11548
11791
11515
11797
11632
11542
11752
11767
11679
11796
13651
13956
12233
11742
11605
11661
11395
11468
11760
11153
11709
11753
13688
13099
12581
11516
11461
11375
11468
11611
11619
11691
11589
11510
11803
11631
11545
12993
11851
11477
12313
11654
11675
11446
11729
11732
11373
11744
12742
11849
13265
11470
11697
11553
11563
11594
11496
11626
11518
11383
11656
16142
15806
14400
12977
11504
11659
11541
11629
11533
11467
11702
11425
11294
13905
13873
12884
14799
11291
11587
11537
11337
12597
11570
11358
11237
11479
12028
12152
16145
14698
13809
12667
14001
12742
11652
11120
11597
11622
11386
11510
12247
11304
11235
11441
11716
11543
11604
11728
11274
11606
11585
11435
12987
12225
11327
11618
11649
11783
11713
11406
11748
11600
11550
11710
14742
14710
14649
11718
11541
11642
11658
11424
11694
11671
11333
11599
11555
14003
13903
12734
14774
11462
11423
11608
11553
11380
11534
11558
11335
11543
12720
11882
12281
11201
11512
11269
11414
11510
11409
11388
11448
11186
11175
11348
13077
13006
11448
11824
11577
11758
11739
11548
11803
11830
11647
11617
14582
15143
14501
12375
11745
11662
11577
11813
11564
11581
11860
11630
14200
13727
13519
11850
11747
11822
11647
11815
11794
11592
11424
11754
11780
14142
14143
13065
14751
12827
11420
11712
11623
11723
11815
11640
11771
11823
11641
11478
12536
11705
11432
11454
11717
11514
11647
11745
11445
11470
11759
11510
12733
12458
11696
11430
11704
11812
11230
11635
11995
11545
11537
11655
15183
14873
14592
12142
11331
11387
11537
11719
11656
11734
11700
11593
11604
14538
12894
12870
11309
11634
11672
11611
11476
11602
11524
11291
11749
11561
12085
12408
13895
11368
11270
11588
11478
11360
11615
11550
11551
11548
11474
11295
12308
12239
11342
11497
11594
11475
11574
11507
11470
11341
11698
11621
11636
13964
13747
12013
11342
11576
11564
11386
11480
12277
11228
11524
11489
12921
14085
11725
11715
11749
11576
11663
11934
11882
11576
11832
11758
12629
11665
11593
12968
12388
11459
11648
11367
11367
11636
11535
11554
11758
11626
11529
13030
12257
11826
11573
11863
11586
11505
11862
11836
11512
11707
11793
15205
15079
14748
11817
11544
11750
11762
11419
11763
11668
11387
11717
11691
14146
14090
12840
11590
11382
11691
11595
11576
11711
11656
11550
11661
11623
12540
11853
12219
11573
11632
11937
11763
11759
11921
11798
12916
11843
11692
11681
13103
12233
11800
11491
12691
11627
11649
11868
11777
11582
11913
11573
14004
14082
12386
11746
11873
11631
11702
11920
11582
11572
11752
11532
13264
14021
12420
11809
11612
11714
11729
11480
11759
11810
11523
11668
11706
13504
13619
13409
11580
11691
11709
11715
11622
11702
11664
11535
11810
11664
12358
12428
13786
11584
11429
11785
11658
11403
11743
11789
11421
11797
11441
11592
12505
12275
11274
11568
11662
11402
11258
11273
11580
11499
11176
11136
15142
14857
14210
11518
11182
11490
11114
11128
11339
11147
11079
11326
11190
15894
15865
13916
14238
17531
11237
11069
11379
11224
12337
11334
11368
10977
12084
11944
12544
11037
12470
11211
11288
11084
10921
11200
11244
11206
11252
12608
11473
12265
11134
11334
11135
11260
11137
11074
11415
11222
11046
11227
16238
14586
14924
14062
17214
14960
11341
11182
11537
11536
11364
11526
11621
14161
12860
12821
14887
11247
11271
11572
11501
11209
11392
11424
11280
11495
12666
11721
13506
13661
11838
11245
14283
11472
11508
11178
11624
11276
11238
12106
12364
13286
12878
12294
11230
11516
11555
11222
11523
11480
11209
11235
14031
13721
12499
11489
11479
11358
11295
11421
11117
11322
11445
11278
11161
13254
13399
11963
11442
11605
11529
11697
12241
11358
11594
11364
