9830
9830
13734
12815
13988
16139
13905
11146
11718
11991
11899
10620
12729
13397
12517
11796
12582
12080
12143
10898
11833
12769
11716
10467
11978
13329
11974
11019
12022
12571
12213
10313
11281
12625
12206
10251
11471
12289
11962
10512
9830
12594
12272
11367
15740
13645
13384
12747
15067
15483
12381
11395
14400
13244
12820
12558
16102
13788
13142
12834
15831
15289
14440
13521
17291
14739
13993
12315
15273
14314
14190
13040
15606
14908
12862
11645
14210
13813
12942
11889
14523
13983
12938
11423
14746
13733
12800
11841
14824
14253
13262
12670
16591
14001
11806
10560
12300
12826
11674
10658
11687
12770
11444
10308
12206
12390
13143
11119
11774
12548
11565
10407
11967
12485
11613
10523
9991
12093
11915
11703
14705
14678
12454
10296
15400
12420
11730
10208
14692
14066
12966
13227
16332
14600
12865
12191
14792
14030
13096
11490
15702
14260
13437
12901
14967
15134
15156
13678
17459
15741
14968
14011
16449
14614
13766
13391
16335
14184
14106
12827
15017
14022
13028
12458
14879
14232
13244
13436
17053
13676
12725
12491
14317
14650
14520
13393
16875
14280
13160
11190
15046
12706
12098
12337
15289
12922
12354
10801
15573
23520
20045
15387
17789
12577
12391
11803
15679
15795
13987
11801
12817
12352
11893
10810
11695
11100
10264
10473
14001
13368
12533
12079
15415
13759
12593
11894
15718
13413
12826
11626
16310
14273
13097
12824
16179
14473
13475
13372
16221
13906
14491
13567
16414
13996
13087
12163
15648
15431
13831
12881
14822
14487
13295
13843
17439
14768
13697
13673
16844
14629
14197
12893
16015
14079
13428
13526
16324
14716
13872
12569
13873
12077
11572
10536
12232
13205
11987
10457
12076
11805
11483
10205
9923
12532
11991
12435
14606
13720
13579
11627
10562
11420
10392
9910
14045
13213
12479
12512
15678
14600
12816
15757
11868
13208
12086
11527
14890
13259
12610
11625
14510
13763
12986
12357
15417
15206
14076
13264
13132
14885
13658
13109
15467
15157
15702
14755
17702
15142
14046
12769
14321
13758
13354
12706
15410
13668
12764
12580
15502
14289
12831
11912
15354
14122
12988
12382
14659
14168
12251
13677
14986
14081
12861
11076
13567
11953
10866
18254
17689
14172
14289
14168
15433
15275
13012
11351
13067
12666
12246
11011
11998
12098
10680
10610
14542
14159
13058
12371
14878
14307
15529
13725
12522
14123
12690
12490
15109
13880
13493
12578
15291
14696
15880
14131
13026
15134
13730
12885
14853
14660
13561
16079
12173
13494
13553
12826
15795
14104
13413
12031
14568
13959
13321
13050
15641
16833
12898
15558
13404
16070
14664
13739
14740
14087
13548
13745
16075
13114
12571
10934
11947
12590
11673
10916
12215
12684
12035
10761
12305
11405
11355
14536
12611
14233
14167
12889
13208
12928
11310
10223
10394
12371
11349
11376
14761
13619
15789
12136
11369
12807
11960
11641
16546
14601
13753
13428
15868
14184
13966
16289
12024
14003
12527
11788
15925
15733
14079
13735
15867
15222
13013
18003
12807
16964
14507
13127
12071
12991
12269
11527
13945
13644
12536
11078
14615
13983
12898
12034
17830
15590
13655
14520
11807
10275
12569
12199
10649
11587
12837
10856
14672
13817
12836
12181
13296
11272
10238
10781
10961
13006
11872
11522
13582
12496
11669
10371
10440
10374
12105
11752
10847
13912
15470
13630
15987
13518
12138
14302
14422
15080
18208
15614
14467
15843
15010
13834
16478
15793
13751
16392
12212
14245
13739
14581
11489
13513
12935
12232
15462
13464
14698
14582
17309
14691
13343
12420
15029
19309
17191
20256
21253
21237
18144
12501
12429
23542
20925
21861
24631
23378
22406
23959
19273
18096
15480
12496
12290
13287
12388
10876
11618
12458
11549
11821
11326
12617
13652
12598
12164
13725
12211
11078
11501
10428
11638
14192
12758
13541
12295
15099
13178
16485
13061
11913
16142
15394
14045
12615
11719
12520
12723
11511
15600
14478
13718
12802
16593
14870
14281
14157
14195
17388
13537
16169
12909
12110
15159
14211
14616
14747
15894
13078
12396
15061
14374
13475
14881
14493
12710
11841
16167
13913
12972
12382
16496
13679
12608
11750
14890
13960
12557
11435
12082
11420
10846
10146
9956
11406
11599
10192
10763
15771
13898
13728
12805
14887
12798
10436
11220
11580
10704
11012
13244
14210
15054
12110
11059
12893
12098
11567
14787
14604
14380
17732
15974
12950
14449
14711
14124
13342
14486
13765
13098
15432
13321
12502
14495
14419
13363
13463
16306
14824
16345
13995
12298
14937
12598
13169
15266
12013
13998
11872
10686
12777
12479
11685
14405
13993
12684
13960
21505
14088
20453
15611
14764
16871
14788
10618
13276
13642
12456
13382
13807
12137
12592
12221
11151
12892
14467
12026
11916
13396
12332
11161
10519
10470
13051
12213
11923
13670
13950
11990
14689
14702
15887
14061
16018
13877
13739
12010
14660
13828
12900
14672
12383
13764
13833
17138
14531
15123
14023
13996
17825
14700
14353
17724
14862
13441
16650
16205
16296
15234
24800
14428
12906
25145
11314
27541
25784
24707
23004
20817
22879
21249
20480
18978
21338
18448
15655
12322
21943
20631
17196
10366
15574
13435
13187
13438
13218
12894
11775
11181
11012
14940
17052
15167
14438
17070
16275
13434
11295
10455
12747
12232
11992
14793
12973
12630
11154
14963
13777
13529
12251
15612
14766
13615
14617
14758
12794
13463
12532
13504
12544
11983
15045
15018
13601
13643
12265
13613
13440
11455
13906
13542
12993
16637
12706
15245
13005
15346
12393
14476
14209
13034
16158
13503
12732
12111
15149
13882
15563
16842
13088
12888
11697
10501
11092
10297
11421
12462
12010
10246
11399
10245
12380
12513
11894
11863
11465
14996
14452
13759
13907
17845
15177
11552
10527
10254
10034
12313
11422
10592
12438
14542
14669
12430
14214
15157
12342
13188
12667
11895
13097
13210
14773
14282
13459
13670
15899
16769
17290
15353
13747
13459
12075
13097
15306
13096
11973
13398
12109
11643
14764
13499
13074
12178
15382
14382
16066
15201
14027
12609
11878
10983
17222
18825
18462
16882
15786
15695
15073
15318
15662
11350
15473
13524
11286
11940
11671
10146
10380
11956
12407
11410
10747
12897
11627
11391
13015
13540
14411
11724
10833
12305
12482
10767
14098
13495
12821
11689
14607
16125
14039
13852
11808
11144
13127
12283
11430
10830
13370
13285
13728
14643
13735
12445
12605
15227
14431
15938
