19331
14202
13329
16506
16923
13832
11532
10810
11505
11943
12022
10859
11805
11922
11883
10937
11469
11606
11902
11044
11734
12168
12102
11121
11594
11760
11617
10665
11052
13675
12979
12136
13476
12859
11869
10989
11423
11001
11445
11583
15325
14848
14214
11726
15734
14773
14014
14084
18333
16529
15103
14234
17775
14830
13786
12661
15903
14842
11749
11532
17079
16670
13163
12302
21391
17371
11591
11553
15543
15125
14439
13541
16517
13657
14297
14461
17103
14112
11026
10670
13872
13840
12926
11933
11622
11918
12462
11072
11420
11480
10672
10667
15669
14805
13886
14904
18706
16054
14955
14035
17715
15102
13900
12800
12661
13596
12729
11200
12275
11843
12227
11152
12029
11847
12014
11061
15638
14631
14087
13603
16169
14911
13787
12732
16661
14780
13263
10987
10721
15247
15035
13040
11949
11882
11804
10830
11590
12264
12161
10826
14940
14523
13952
13346
15934
15392
13805
13366
16144
15423
14455
12071
11782
10905
12022
11362
11374
11745
11955
11188
11262
11551
11518
10856
10579
13133
12671
12266
16325
14120
13224
12814
16381
16337
14636
13849
15538
12695
11837
11292
11550
11718
11926
11119
11569
11473
11585
10797
10805
13930
13211
12100
15830
15670
15102
14434
16574
15498
13798
13473
14572
11956
11142
10747
11519
11837
11583
10787
11892
11687
11514
10769
11689
11306
10617
10619
15901
16344
13192
15355
14886
12852
13224
12598
14104
13150
12711
10761
12909
14174
13487
10887
10841
11399
12249
10534
11221
11584
11968
10722
16252
15154
14761
14685
17550
16780
14446
12919
15981
14322
13434
12661
12830
12025
12342
11196
11091
11809
11180
10871
11551
10780
10628
10908
10699
13033
12291
15744
12667
15269
14869
13999
16821
16254
16676
12063
10624
10988
11977
10928
11897
11144
11503
10637
13772
13934
12611
11025
10534
13599
14066
12076
11441
13903
11905
11862
17399
17463
15884
15219
17003
13058
10687
10888
11922
12655
11880
10811
11850
12323
10850
10983
10668
10995
12065
15653
13620
14338
13987
13919
16637
14120
13499
12587
13816
11654
12161
11009
13481
13674
12513
10716
11425
12107
11081
10796
10572
10618
10942
11438
11375
12981
12811
12268
15734
14661
13811
13409
15875
15222
13639
11134
11991
12841
20249
17053
16784
13299
11607
10902
11343
11615
11736
10730
15522
14449
13847
13426
16144
15372
13277
12326
16777
14189
12905
11038
11609
10848
12294
11354
11378
12338
12196
10711
11569
11991
12053
10954
10698
10950
13915
12294
11813
13573
12878
12061
15494
13982
14220
13325
16470
14787
11443
10842
11534
11601
12259
11262
11337
12118
12244
11267
10822
11624
11006
12138
11318
13641
12700
12051
15866
14857
13890
14239
16381
15937
14636
12125
12138
13526
13014
11312
10850
11151
10582
10468
11316
10382
11477
10602
16178
15083
13529
13227
14987
14921
13491
12136
15563
15554
15842
14997
17770
14647
12398
12494
11687
11733
11366
10370
11229
12215
11902
10429
10335
14318
14661
12074
11385
13558
12460
12176
15976
14990
13412
13383
13987
10621
10466
11838
10814
10967
11761
10559
10806
10667
11898
10530
10758
11170
11413
11251
12409
13855
13841
14609
14485
14618
14051
12020
12439
11400
10778
10720
11640
10942
10741
11536
10406
11688
11643
10723
10413
10281
13807
13114
12711
14949
12725
12506
16183
14053
13701
12924
15565
12701
11057
11195
10929
12635
12101
11291
11976
12055
11931
11245
11282
11039
12988
12873
13316
14544
14080
12814
16087
15076
14111
13862
17195
12965
11305
11303
11059
11039
12872
13450
11777
11866
11928
11168
11663
11063
10872
11853
11834
13215
12813
12231
15421
15240
15684
13809
12920
13592
11942
11003
11598
12116
11002
10795
11924
12584
12105
11037
11714
11138
10790
11006
11035
13720
13027
12082
16079
15258
14160
13065
17376
15504
15455
14304
14525
11722
11809
10754
11120
11106
12268
11958
10808
11795
12256
10904
11016
12552
13712
12798
13831
12322
11758
11863
15270
14801
14087
12615
15182
12137
12034
11133
11044
12647
13804
12656
11294
11571
11873
11131
11656
10981
12017
15890
15077
15356
14983
13812
16070
15002
14420
13751
15715
12372
10842
10892
11124
10696
11527
11662
11227
11362
11578
10796
11320
11800
10998
10813
13132
15343
14747
14543
14052
12569
14100
12853
16177
14135
12619
10776
11603
10899
11694
11273
12095
10832
10556
11350
10758
11361
11724
10955
10757
15913
14921
14689
14588
18615
17188
16700
14388
14986
13102
12159
12779
10676
12126
10801
13265
12713
11497
11361
10515
12265
12047
10887
10679
12729
12611
16078
14777
14681
13727
12685
16107
14127
16028
12504
11696
11565
11667
10546
11579
12943
13315
12601
10711
11621
12080
11720
10467
10842
13245
12549
11974
13378
13123
15062
12590
14515
13618
12520
15591
14310
12190
10731
10588
10849
11805
12365
10812
11505
11728
10945
10580
11655
10824
11535
11352
13858
13215
13940
11765
13278
14665
12583
13149
16467
14131
10996
11587
10711
10852
11546
10574
11144
11625
10795
10695
12031
10983
14072
14515
12510
12619
11966
15952
14854
13882
13281
15656
16336
13967
12157
11591
12058
11038
11489
12264
11460
12345
11002
11653
11633
10936
10873
10947
13249
13968
12794
11613
14825
12540
12286
14915
13996
13271
13303
12962
14971
12274
10996
13351
12462
13634
13164
11276
11326
11801
10694
11018
10757
13325
12859
13276
15747
14075
13126
14965
15560
14150
13710
13188
16264
13217
12823
12589
13755
12123
11714
11713
11972
10926
10496
10942
11677
11244
10885
10951
14974
14279
14710
13460
12362
11269
11181
15690
13898
14868
15038
18286
15649
15455
14812
17078
14666
11699
11848
10608
10433
14935
14934
10445
13225
12580
11905
16231
14189
13343
12788
15918
15921
16565
14005
12173
12191
11388
11480
12101
10524
11898
10948
10333
11602
10737
10600
10442
10622
13412
12063
11388
13638
12856
11635
12778
12572
12863
14749
12539
11215
12004
10894
13307
12921
12686
10751
10976
12165
10963
10497
11666
10982
13261
12569
12817
15059
12720
12430
14416
16168
14465
13303
13132
13978
13006
12006
13295
10986
12987
11153
11320
12002
13144
12104
11028
10778
13455
12759
13882
13453
13745
12798
15620
14596
14222
13037
12753
12918
11784
10985
10882
15188
14494
14201
12119
11645
12093
10969
10964
10743
10742
13790
12447
11498
12990
13018
15244
14627
15328
13534
12385
14328
13458
12441
