14759
11692
10106
9596
9850
10124
10046
9748
9855
9956
9909
10022
9669
9966
9767
9677
9768
10097
9736
10048
10170
9972
10125
10291
9747
10215
9983
9749
9581
10107
9704
9668
9957
9706
10047
10042
9899
10050
10339
9928
9807
9880
9921
9782
10179
9657
10210
10156
9696
10174
9933
10095
10062
10131
9756
10093
9857
9809
9875
9874
10129
9888
9963
10118
9991
10215
9661
9755
10247
9912
10170
10260
9967
10153
10335
9887
9927
10343
9954
9608
9791
9719
9711
9866
9841
9946
10193
9988
9929
10086
9727
10083
10156
9610
10062
9995
9898
10121
10003
10003
10327
10049
10004
9998
10215
10291
9907
9943
10123
10002
10015
10099
10359
10397
10113
10238
10367
10161
10230
10394
9816
10134
10251
9817
10076
10053
10101
10295
10337
10181
10184
10184
10183
9960
10099
9874
9827
10316
10229
10297
10135
10120
10349
10233
10205
10215
10243
9914
10141
9860
10111
9775
9971
9828
9846
10209
10318
10088
10175
10359
9946
9925
9841
9938
10090
10129
10121
10118
10071
10142
10381
9875
10198
10176
10071
9936
10127
10094
9930
9922
10258
10223
10275
10252
10308
10172
10172
9961
10464
10011
10280
10147
9906
10295
10286
10152
10182
10438
10364
10190
10005
10103
9779
10198
10021
10179
10283
10134
10262
10446
10190
10219
10592
10003
9961
10011
9787
9710
9859
9840
9911
9828
9948
10042
9826
9891
10004
9956
9841
9572
10026
9628
9696
9805
9826
9868
10277
9766
10166
10352
9848
9881
9960
9629
9796
10037
9841
9889
10038
9846
9858
10076
10062
10034
10004
9735
9992
10007
9588
9769
9984
9809
10209
10062
9949
10139
10220
9706
9959
10228
9814
9919
9940
9866
9684
10156
9956
10066
10042
9971
10095
10075
9606
9896
10144
9829
10169
10002
9997
10239
10279
9854
10264
10139
9699
9870
9794
9836
9943
9930
10031
10018
10131
10126
9788
10238
10023
10180
10096
9880
10016
10257
10253
10266
10469
10123
10104
10208
10233
10077
10390
10052
9913
10206
10035
9752
10219
9957
10156
10425
10000
10153
10208
10142
10461
10195
9989
10172
10196
10197
10061
9973
10007
10040
10339
10183
9951
10224
9855
9901
9868
9682
10012
10227
9926
9926
10398
10223
10056
10105
10073
10164
9982
9762
9708
10017
10083
9779
9900
10160
9966
10144
9924
10259
10366
9927
9732
10265
9949
10071
10207
9793
10249
10447
9994
10285
10192
9902
9924
10127
9899
9918
9938
9860
9842
10042
10252
10131
10296
10027
10236
10309
9753
9948
10278
9768
10043
10325
10010
10383
10113
9942
9970
10350
10202
10025
10285
9990
9908
10300
10118
10158
10380
10028
10221
10487
10139
10163
10368
9834
10148
10172
9679
9839
10147
9686
10038
10243
9857
10024
9999
9956
9702
9671
10040
9924
9991
9982
9806
9955
9757
10286
10116
10016
10258
10097
9524
9926
9745
9626
9647
9783
9831
9724
9964
10104
10213
10185
10080
9664
9890
9912
9857
10079
9540
9565
10209
9718
9961
10035
9998
10214
9885
9800
10131
9875
9835
9904
10192
9994
9930
10043
10256
9869
10293
9876
9564
9908
9830
9812
10268
9941
10064
9956
10102
10132
10215
10108
10155
9999
9874
9645
9959
9974
9900
10156
10148
9828
9986
10031
10064
10132
9992
9964
9976
9922
10011
10238
10066
10198
10305
10002
10321
10307
10349
10205
10145
9969
10016
9979
9861
9970
10104
10154
10249
10443
10033
10375
10458
10213
10196
10054
10011
10247
9955
9830
9990
10286
10130
10085
10449
10276
10256
10078
9920
9677
10122
10001
9877
10347
9968
10299
10392
9980
10190
10129
10269
10057
10220
9908
10195
10159
10142
9989
10247
9951
10059
10104
10263
10246
10153
9913
9983
9997
9984
10382
10131
10221
10126
10267
10148
10163
10406
9839
9950
10151
10163
9997
9950
9901
10269
10045
10221
10181
10192
10048
10362
10159
9876
9707
10048
10032
10213
10307
10000
10169
10346
10242
10301
10172
9906
9941
10354
10130
9990
10314
9977
10259
10216
10183
9960
10474
10029
9996
10120
10022
10371
10303
9721
9894
10149
10063
9800
10072
9974
9863
10162
9779
9636
10045
9640
9713
9809
9908
9787
10174
9899
10094
10333
10010
10001
9876
9913
9913
9744
9868
10121
10096
10158
9972
9915
9731
9752
9903
9650
9648
9728
9891
10077
9896
9653
10153
10006
9734
10091
10318
9835
9819
9690
9806
9750
10060
9786
9928
10101
10022
9940
10128
10128
10154
10329
9848
9548
10113
9823
9842
10071
10009
10193
10135
9840
9915
10046
9814
9845
10035
10087
9742
9833
9717
9690
9938
9900
10039
9986
10085
10071
10032
9514
10034
10235
9889
10003
10163
9895
10298
10289
9930
10234
10187
10132
9790
9981
9919
10169
10079
10004
10087
10355
9994
10261
10503
10213
10101
10495
9963
10221
10288
9851
10277
10201
10187
10439
10084
9978
10134
10202
10145
9828
10133
9793
10069
9886
9775
10086
10389
10138
9909
10432
10155
10155
10339
10042
9929
10175
10079
10035
10257
9936
9819
10217
10186
10094
10173
9944
9666
10047
10021
9775
10231
9777
10025
10393
10087
10027
10224
9988
10085
9849
9644
9887
9911
10126
9854
10438
9918
9905
10094
10256
10168
10182
10152
9957
10196
9682
10158
10321
9789
10337
10431
9920
10334
10197
9901
10373
10287
9958
10244
10156
10162
10129
9987
9992
10155
10208
10027
10241
10594
10172
9883
10320
10070
10274
10024
9770
10088
10108
9649
10165
10148
10178
9877
9717
9597
9637
9967
9998
9919
9891
9997
9657
10166
9876
10122
10187
10041
9986
9856
9507
9691
9881
9577
9898
9980
10120
10115
9821
10068
10189
9929
9918
9799
10008
10007
10048
9937
9534
9816
10238
9982
10291
10303
9818
9765
9838
9828
9874
9978
9852
9994
9957
10022
9747
10171
9981
9931
9872
9642
9821
9830
9794
9608
10075
9788
10272
10067
9802
10281
10272
9828
9665
10068
10000
9932
9756
9852
9872
10193
10051
9985
10136
10138
9831
9776
9740
9916
10208
9680
10178
10278
10256
10156
10387
10330
10157
10120
9796
9778
9945
9877
10067
10245
10112
10098
9990
9932
10354
10246
10161
10435
10250
9717
10199
10043
10206
10237
10276
9985
9957
10395
10299
10184
10372
9970
9831
9967
9794
10057
9943
9786
