14612
11867
10223
9754
10008
10048
9928
10001
9901
9635
9686
10383
10198
10012
10300
10019
9970
10098
9824
9801
10065
9794
10114
10110
9801
9841
9835
9745
9975
9898
9799
9849
9826
10003
9999
10148
10038
10058
10135
9943
9844
9863
9757
10009
10148
10063
9981
10126
9778
10142
10188
9822
10103
10176
10016
10101
10037
9679
9809
9740
10194
10027
10117
10255
9801
10299
10173
9956
10349
10112
9975
10456
9976
10115
10162
9797
10412
10410
10079
10192
10081
9946
9791
9934
9932
9830
10019
10088
10012
9894
9771
9608
10243
9998
10157
10174
9983
10122
10419
10007
10088
10030
9926
10248
10366
10081
10153
10072
10185
10304
10207
9957
9922
10163
10286
10228
10331
10120
10107
10391
10106
10015
10330
9891
10014
10459
10211
10341
10228
10034
10136
10195
10033
9867
10055
10362
10269
10408
10253
10112
10126
10245
10045
10318
9858
10129
10260
9881
10139
10180
9803
10462
10365
10209
10320
10322
10131
10046
10244
10120
9808
9929
10215
10218
10473
10164
10254
10382
10362
10356
10422
10054
10270
10448
10319
10369
10377
10032
10012
10285
10209
10295
10140
9974
10288
10308
10200
10077
10254
10399
10217
10494
10198
10303
10328
10281
10436
10530
10167
10261
10459
10121
10303
10253
10093
9962
10533
10362
10207
10274
10191
10093
10387
10085
9960
10140
10039
10192
10275
9864
10193
10200
9870
9981
9912
9786
9614
10090
10006
9968
10096
9861
9772
9943
9847
9695
9815
9661
10055
10061
9708
9688
9824
10016
10293
10176
10130
10146
10078
9874
10031
9827
9823
9803
10017
9943
9677
9881
9664
9499
10310
10066
9991
10244
9889
10238
10305
10001
10246
10366
10162
10089
9866
9753
9676
9787
10295
10135
10345
10172
9919
9967
9885
9715
10024
9818
9701
10219
9776
9960
9914
9562
10114
10174
9868
10032
9808
10098
10217
10277
10145
10048
10215
10337
10019
10142
9923
9930
10180
9926
10029
10127
9997
10003
10320
9984
10085
10031
9915
10255
10401
10050
9989
10085
10133
10168
10107
9868
9932
9968
10235
10100
10229
10124
9879
10611
10251
10399
10429
10086
10176
10257
10002
10146
10127
9810
10196
10156
9964
9813
9923
10366
10271
10341
10299
10100
10297
10378
10216
10383
10107
10117
10273
9878
10102
10163
9780
9918
10212
10081
9954
10073
10052
10308
10572
10303
10234
10165
10113
9946
10075
9925
10082
10069
10084
10074
10281
9976
10143
10489
10359
10386
10386
10127
10158
10139
10148
10237
10063
10008
10228
10452
10093
10074
10427
10291
10254
10453
10178
10092
10327
10135
10321
10373
10130
10166
10600
10322
10268
10453
10281
10161
10481
10379
10222
10282
10177
10294
10533
10318
10239
10412
10081
10240
10255
9939
10173
10206
9984
10204
9976
9804
9898
10201
10061
9946
10164
9925
9765
10023
9985
9811
10062
9744
10041
10066
9819
9800
9852
9851
10019
9920
9837
9847
9842
10026
10086
10120
10079
10125
10163
9893
9833
9889
9806
9629
10749
10105
9988
10235
9816
10247
10339
9965
10234
10309
10224
10397
10291
9938
10091
9972
10319
10219
10316
10225
9947
10307
10221
10036
10336
10208
9996
10331
9891
10009
10127
9756
10391
10416
10073
10273
9990
10317
10110
10220
10175
10046
10316
10122
10022
9968
9889
9677
10438
10203
10287
10331
10153
10110
10315
9962
10091
10009
9946
10255
10376
10126
10310
10066
10356
10391
10357
10161
10121
10280
10293
10196
10419
10185
10132
10603
10280
10260
10479
10085
10176
10544
10283
10393
10333
10052
10086
10115
9977
9872
9988
10244
10212
10232
10133
10149
10013
10184
10017
10179
9828
9894
10487
10163
10400
10387
10017
10159
10162
9977
10160
10154
9957
10113
10248
10064
9854
10050
10126
10116
10312
10001
10238
10190
10078
10082
10161
9810
10082
10271
10150
10216
10179
9882
9787
10480
10300
10343
10341
10030
10316
10335
10205
10110
10236
10335
10150
10347
10067
10218
10256
10198
10416
10449
10082
10280
10376
10006
10243
10073
9969
9822
10594
10370
10313
10318
10241
10102
10383
10112
10005
10206
10063
10214
10315
9871
10103
10247
10052
10277
10098
9915
9826
10125
10177
9930
10206
9929
9882
10201
10112
9938
10132
9896
10328
10362
9992
9913
10096
9910
10152
9994
9945
9900
9936
9850
9912
9826
9888
9880
10328
10201
9962
10261
9810
9826
10339
10095
9998
10285
9845
9833
10106
9720
10034
10022
9797
10099
9920
9729
9708
9811
10060
9920
10035
9898
9657
10147
10051
9918
10141
9979
9849
10178
9779
9896
9949
9655
10415
10524
10087
10301
10112
9798
10312
10273
10170
10020
10317
10133
9913
9950
9745
9773
10296
10004
10179
10173
10068
10097
10505
10113
10243
10140
10066
10295
10371
10032
10003
10093
9980
10503
10417
10163
10159
10296
10253
10082
10215
10023
9873
10607
10301
10405
10434
10085
10237
10405
10065
10137
10238
9906
10384
10275
10126
9973
10083
9937
10287
10317
10234
10078
10242
10443
10206
10454
10068
10125
10516
10237
10410
10401
10077
10198
10337
10286
10094
10277
10218
10079
10257
10047
10091
10641
9892
10183
10355
10118
10289
10302
10253
10203
10377
10039
10309
10539
10353
10418
10343
10189
10214
10407
10406
10346
10258
10216
10290
10484
10135
10055
10290
10000
10097
10271
9989
10012
10143
10250
10427
10466
10210
10249
10331
10014
10063
10152
10102
9871
10260
10177
9989
10020
9964
10284
11218
10307
10153
10428
9719
10101
10172
9747
10013
10017
10056
10232
10014
9801
9994
10119
9985
9807
10073
9778
9543
10147
10015
9884
10168
9996
10335
10275
9982
9926
10071
9670
10277
10309
10190
10137
10059
9796
9811
9833
9832
9922
10290
9962
9890
9884
9787
9634
10080
9958
9866
10076
9717
10124
10198
9789
10110
10113
9788
10366
10364
9966
10136
10016
10137
9902
10014
9866
9624
10415
10140
10022
10391
10124
10012
10510
10048
10149
10218
9909
10210
10246
9872
10050
9950
9752
10072
10217
10239
10081
10278
10322
10248
10180
10053
9912
10211
9929
10035
10144
9909
9843
10345
9981
10083
10014
9925
10554
10576
10341
10324
10312
10094
10241
10215
10052
10000
10182
10214
10164
10214
9984
9978
10549
10306
10186
10438
10081
10173
10559
10277
10282
10398
10060
10337
10412
10268
10115
10287
10089
