9412
12522
10961
10114
9458
9420
9440
9412
9414
9403
9257
9386
9440
9665
9949
9595
12716
12460
12579
9916
9886
9628
9597
9920
9517
9606
9672
9617
9744
9725
9859
9759
9697
9803
9683
9626
9812
10832
10024
9859
9542
9432
9710
9500
9480
9758
9642
9457
10927
9715
9524
9744
9846
9771
9814
9856
9624
9735
9760
9529
9706
9747
9443
9685
10330
9337
9352
11044
9424
9595
10606
9755
9556
9659
9864
9498
9756
9931
9802
9739
10444
9636
9813
9578
9855
9825
9695
9794
9712
9542
10355
9734
9497
9667
9798
9422
9757
9835
9522
9538
9953
9458
9731
9834
9489
9672
9901
9481
9594
9741
10420
9705
9792
9585
9631
9721
9515
9604
9730
9491
10877
10016
9522
9698
9599
10416
10023
9716
9775
10036
9785
9773
10011
9737
10012
9657
9786
10094
9811
9916
9971
10426
9910
9938
9822
9748
9875
9749
9741
9908
9805
9588
9875
9805
9724
9534
9872
9709
9512
9831
11746
11581
10623
9850
10333
9593
9856
9704
9504
9761
9562
9478
9880
9578
9803
9615
9433
9582
9602
9383
9699
9824
10297
10574
9755
9914
9587
9671
11316
9757
9607
9877
10486
9680
9956
9790
9764
9943
9936
9761
9933
9919
10519
10249
9882
9607
9593
9861
9838
9534
9750
9738
9566
10475
10584
9696
9699
9543
9537
9628
10552
9329
9665
9600
9503
9555
9512
10716
9344
9630
9387
9284
9515
9303
10707
9538
9253
9603
9988
9765
10004
9887
9712
10070
9932
10402
10878
9734
9853
9775
9652
9938
9862
9727
9880
9793
10242
9891
9802
10010
9881
9666
9959
9805
9649
9937
10481
9560
9973
9990
9865
9934
9838
9574
9839
9855
9811
10045
9636
9673
9749
9606
9598
9664
9723
11019
10816
9674
9834
9661
11036
9839
9888
9749
10208
10093
10596
10027
9976
9821
9811
10082
9842
9803
9861
9694
10953
9952
9794
10124
9809
9774
10130
10061
9944
10099
9997
11011
10591
10032
10034
9880
9965
9971
9845
9768
10034
9711
9773
10080
10078
9730
9963
9984
9668
9946
10001
10807
10407
9984
9696
9740
9942
9643
10648
9957
9846
9794
11565
10071
9762
9755
9939
9637
9932
10382
9619
9729
10558
9601
9786
9771
9845
9794
9761
9842
9868
9528
10961
9936
9492
9506
9830
9498
9687
9790
9508
9693
9751
9659
9773
9771
9588
9683
9753
9639
9590
9702
9650
10611
9833
9617
9476
9366
9630
9363
9393
9744
9375
9360
9594
9358
9621
9301
9392
9666
10033
9871
10070
10982
10414
10089
9884
9900
10047
9918
9921
10033
9890
9866
10116
9874
9940
9986
9684
9895
9954
9638
9657
9908
10803
9934
9663
9672
9377
9559
9727
9553
9611
9791
10069
9560
9330
9625
9527
9417
9693
9514
9542
9663
10543
9658
9715
9536
9352
9641
9606
9224
9562
9529
10263
9746
10033
9963
9727
9982
9841
9736
9879
10520
11156
9838
9901
9639
9685
9900
9678
9607
9943
9686
10881
10130
9772
9560
9931
9889
9661
9851
9920
9684
10359
9854
9781
9942
9788
9743
9861
9501
9591
9785
10336
9626
9935
9874
9470
9758
9804
9495
9852
9698
10459
9936
9634
9419
9607
9665
9514
9671
9733
9576
10937
9818
9620
9771
9576
9732
9896
9596
9819
9953
10350
9733
9863
9860
9563
9869
9873
9768
9866
9846
10802
9915
9683
9473
9832
9794
9538
9773
9678
9463
10207
9732
9509
9806
9475
9604
9774
9447
9557
9775
9500
9568
9772
9685
9589
9719
9584
9380
9806
10408
10601
9699
10119
9625
9385
9939
9623
9600
9924
9647
10725
10005
10771
9973
9676
9646
9866
9627
9801
9880
9653
9709
9905
9507
9736
9672
9545
9685
9731
9528
9629
9530
10530
9782
9519
9849
9573
9562
9727
9537
9435
9708
9580
9689
9761
9602
9563
9705
9438
9629
9750
9441
10744
9926
9511
9785
9460
9428
9784
9463
9548
10245
11079
10631
10208
10217
10005
10091
10278
10117
10088
10235
10915
10856
11006
9984
10069
10179
9737
9845
9931
9578
9695
10068
10362
10466
10006
9784
9642
9863
9953
9653
9934
9949
9720
10778
10373
9708
11074
9870
9761
9571
9651
9676
10456
10168
9609
9837
9727
9642
9835
9628
9636
9794
9769
10817
9954
9880
9530
9470
9739
9485
9551
9915
9568
9533
9720
9740
9785
9540
9871
9876
9673
9768
9857
11390
12209
10199
9687
9785
9552
9674
9588
9506
9632
9396
9520
9789
9451
9469
9616
9385
9571
9613
9507
10902
10698
9556
9662
9524
9589
9673
9606
9529
9675
9396
9520
9598
9282
10352
9697
9363
9703
9896
9692
9975
10693
9882
9890
9723
9924
9890
9738
9918
9815
9724
10558
10496
9594
9790
9731
9579
9854
9735
9563
9728
9791
9507
9595
9813
9855
9712
9801
9792
9674
9745
9825
9632
10762
10289
9560
9455
9618
9401
9501
9621
9491
9432
9584
10491
10090
9705
9660
9333
9616
9635
9538
9647
9647
9946
10135
10232
9938
9990
11514
9977
10120
10173
9796
11543
12336
10129
10016
10073
10148
10045
10087
10067
9918
10067
10081
9819
9746
10121
9740
9759
9988
9766
9868
11537
11478
9995
9967
9849
9885
9952
9884
9869
9978
9862
10607
10107
10022
9811
9907
10011
9859
9678
10033
9660
10545
10839
9734
9987
9714
9924
10040
9718
9852
10059
9900
9844
10013
9915
9612
9694
9599
9695
9770
9680
9780
9818
9388
9683
9750
9345
9741
9754
9434
9568
9664
9347
9573
9626
9685
9556
9761
9609
9448
9604
9483
9617
9680
9555
9682
10864
9286
9574
9600
9286
9624
9666
9427
9455
9567
9230
9414
9565
9465
9484
9557
9503
9908
10039
9963
10029
10183
10076
10140
10131
9767
10110
10027
9684
10084
10077
9790
9920
9993
9753
9858
9986
10671
9950
10089
9756
9877
9958
9638
9813
10016
9818
9877
9991
9765
9684
9961
9688
9696
10041
9858
9664
10627
9526
9552
9707
10044
9856
9914
9893
9875
9991
10002
9936
9975
9923
9794
9916
9992
9735
9838
9972
9620
9791
9896
9713
9856
10009
9653
9760
9895
9816
9876
9914
9804
9944
9947
9733
9794
9812
9754
9791
9849
9623
9678
9907
9589
9629
9823
9517
