18051
14146
13090
12698
13482
11144
10024
10157
10334
10030
10987
10152
11109
10243
10981
10159
9871
11015
10142
10007
9856
10506
9787
10149
12914
13395
12458
10651
10965
10445
10722
11170
15008
15104
14857
12667
15612
13340
12917
12112
14497
11248
10215
10020
10042
11450
10503
10257
10125
11081
10270
10095
14830
13588
13913
12443
14500
14882
11244
10270
12876
12277
12217
10699
10882
10664
10959
10171
11317
10270
11022
10201
14704
13840
13792
11984
15240
14017
11121
10190
11203
10232
10068
10009
11235
10848
9971
10135
10175
11416
10198
9863
15793
14024
13286
12846
14271
11891
10848
10047
10247
11009
10830
10040
10751
10060
11412
10430
11418
10494
11234
10118
14300
13449
13937
13054
17140
14771
11450
10448
10735
11074
10143
10288
11313
11382
10980
10455
9987
11345
9968
10177
14226
13332
13328
12497
14958
12751
11154
10647
11132
10818
9962
10198
10440
10033
11253
10294
11487
10357
11102
10284
13954
13585
12887
14252
16566
15387
13680
13016
12218
10681
9890
9992
10239
11219
10270
9875
10499
9965
11231
10178
10176
12151
11662
11124
14330
13428
13028
10828
11366
10515
10060
10021
10544
10126
11304
10222
10770
10679
11115
10387
13768
13146
13638
12281
15754
14147
13038
10522
11104
10197
11081
10329
10719
10696
10027
10150
10415
9997
11253
10591
10989
10278
10837
10735
14259
15282
13226
12178
12553
12753
10269
10816
11021
10007
10135
9476
9922
10687
10360
9599
11095
9864
10336
9984
14261
13132
12698
13242
14489
10002
9538
9758
9746
10501
10391
9867
10740
10987
9967
10247
10376
10046
12658
14161
12321
12749
13656
12477
11305
10281
11264
10603
10265
11410
10125
10372
10148
10323
10153
11583
10429
10103
10824
11076
14507
13589
13240
13010
15852
10125
13000
11482
10158
11371
10572
10143
10081
10217
11450
10063
10063
10167
10342
10097
14491
13393
13055
13627
17409
14335
11318
10425
10264
11172
10229
10038
10475
10075
11092
10742
10328
10189
10750
11007
14442
13459
13110
13835
12557
10086
11630
10653
11756
10373
10652
10278
10258
10788
10078
10325
11538
10448
10602
11032
14561
14163
12992
12095
14101
11648
11860
10028
10748
10275
11308
10615
10281
10306
10010
9968
10257
10203
10887
11291
14775
13621
13251
12785
12896
11212
10620
10467
11321
10271
10855
10458
10350
10908
11268
10483
10437
12258
14467
12939
10953
14011
12398
11627
10822
11652
10639
10229
10735
10403
11685
10300
11356
10789
11420
10396
10083
10366
10935
11025
14399
13405
12919
12682
12018
11848
10593
10044
10338
11109
11079
10173
10420
10182
11657
10367
10437
13108
12124
11673
15595
14488
12829
11949
11350
11435
10353
10261
10078
11352
11173
10238
10835
10477
10214
11548
10329
14271
14494
13141
15778
12292
14250
10105
11335
10283
11178
10011
12907
11921
10497
10589
10074
11300
9929
9870
9854
15031
13656
13885
12163
13662
13668
11199
11063
9940
10913
10101
10600
10864
9683
9641
10107
9909
9792
9986
10046
10704
10534
12426
13301
13124
12146
10129
10080
11225
9936
9750
10106
10141
9814
9997
11131
10086
9719
9918
9993
14524
13571
12567
12421
12955
11817
11076
11636
10002
10952
9794
10095
11034
10041
10189
10071
9871
11155
10024
10085
11110
15004
14229
12798
12032
16226
9785
10543
9815
11198
10147
9877
10916
10075
10902
9783
9858
11074
10103
10005
11687
11828
11408
14032
12232
10505
10652
11425
9884
11176
9916
10019
9785
10056
9891
10062
9795
10006
9708
10016
9754
12344
11516
11720
12089
11757
11373
14124
13121
13003
12632
14794
13462
9787
9970
11076
10005
10814
10071
9756
9745
12603
11724
11645
12311
11965
11235
11304
10005
11536
10162
11541
11397
10666
10048
11387
10107
11279
9974
10318
10164
10757
10746
14670
14456
14438
12954
11343
10115
11207
10087
11384
10138
11420
10393
10677
10042
11456
10383
9944
11946
11852
11391
14447
13573
12767
11970
11562
11598
10485
9882
10209
10164
11526
10280
10084
10603
10256
10011
10108
12355
11853
11060
14394
14020
12444
11544
10746
9982
10484
10218
10744
10118
9896
10217
9933
9866
9976
10316
9817
10975
10294
11094
13709
13419
14025
12203
10904
9902
10369
9914
10662
10935
10226
11880
9813
10679
9897
9859
10871
11377
9912
10505
13036
12725
12541
10170
11031
9691
10342
9680
9893
10060
9714
9886
9851
9723
10758
10125
11169
10090
10689
10809
14820
14225
13636
13214
15650
11289
9854
11979
11740
10588
9909
9759
9728
11378
10221
10382
10095
12964
11867
13620
11998
13901
12099
11317
9831
9787
10027
10082
9898
10023
9898
10076
10888
10770
10094
10389
9707
10002
9944
9850
14227
13590
12800
12640
12507
11018
10304
10702
9762
10672
10155
10032
10673
10038
10157
10659
11073
12161
11819
15379
13492
13633
12714
11553
9943
9829
10176
10089
10480
10576
11181
10102
9742
10238
10125
11126
10159
9746
10698
10610
11074
11815
12553
11785
10089
10026
9709
9700
11106
10245
10331
9943
9929
11082
10176
10935
10132
12320
11233
11003
13886
13766
12978
11025
10330
11502
10092
10136
11175
11670
10889
9963
10121
11350
10346
9874
10105
13210
11729
11159
15557
15015
13855
13949
13402
10258
11616
10279
10613
11455
10187
9817
11050
10167
10664
9892
9980
11747
12432
11815
12237
13502
11300
10326
10213
9999
9975
10008
10279
10363
11254
10259
11401
10453
11216
9886
10224
11990
11832
10955
14699
14541
13134
11670
12828
9888
9811
11194
10409
10350
9806
9724
9869
9696
10443
9705
9831
12517
11624
11109
14405
13147
13070
10749
9556
10576
10090
9880
9541
9683
9926
11223
9659
10162
9763
9884
9794
12324
11704
11155
14027
14131
12810
12196
10648
10017
9516
9829
10763
9771
10874
9731
10798
9853
10881
10080
10168
9809
12646
11655
11647
12915
14339
11766
10831
10166
9933
9803
9713
11344
10342
11341
10265
10721
10094
9827
9895
12220
11717
11238
12901
12298
11959
10040
10209
9775
9830
10109
11098
10501
9869
11175
10121
10401
9759
9947
10285
9747
12183
11622
11225
14740
14753
14571
12691
11367
10560
9878
10012
10114
10105
10851
9966
9884
11057
9947
10039
9824
10795
10539
10733
12434
12472
13009
11322
11188
10314
10014
10101
9963
10908
10018
10096
9898
9946
9915
10985
9874
14192
13119
13115
13552
16823
14785
