14529
12150
9786
10086
10255
9963
10215
10177
10014
10213
10135
9737
10232
9881
9966
10098
9919
11322
10419
10136
10189
10250
10024
10253
10455
10053
9742
10138
10161
9762
10372
10004
9900
9837
9862
9748
10154
10046
10403
10465
9888
10124
10162
10097
10199
10413
9943
9776
10244
10091
9810
10302
10067
9970
10088
10386
9944
10140
9960
10190
10089
10092
10104
10379
10300
10163
10284
9890
10184
10235
9846
10272
10261
10014
9610
10294
10235
10064
10286
10291
9886
9903
10228
9797
10388
9907
10370
10261
9881
10047
10337
10113
10185
10391
10034
10010
10403
10183
10266
10327
10462
9917
10259
10112
10142
10621
10486
10010
10108
10298
10244
10220
10384
10208
10175
10081
10261
10515
10170
10124
10642
10108
10082
10204
10211
9956
10540
10206
10067
10375
10321
10038
10545
9955
10008
10087
10513
10332
10298
10017
10268
10156
10059
10094
10399
9885
10233
10306
10221
9883
10217
10096
10010
10524
10006
9982
10154
10180
10281
10564
10093
9719
10178
10080
10035
10298
10087
10437
10054
9960
9803
10364
10375
10316
10073
9970
10026
10150
10334
9876
10425
9909
10243
10185
9881
10282
10545
10454
10011
10281
10012
10075
10392
10559
10065
10353
9950
10079
10265
10310
10324
10239
10337
10081
10278
10201
10480
10438
10262
10236
10410
9944
10373
10477
10356
9978
9954
9885
9678
10119
10135
9988
9944
10129
9867
10159
9998
10166
9936
9935
9865
10305
9758
9996
10344
9835
10143
10031
9828
9915
10109
10077
9735
10126
10184
9767
10392
10157
9868
10036
10048
9870
10418
10014
10269
10078
9944
9967
10216
10039
9932
10336
9655
9790
10246
9971
9763
10316
10155
9752
10230
9975
9964
10079
10340
9584
11158
10111
9969
10442
10088
10213
10107
9871
10054
10457
9895
10200
10488
9949
9832
10247
10084
9869
10537
9923
10013
9978
10033
9731
10351
10383
10100
10188
9709
9887
10091
10046
10186
10060
9939
10141
10336
10249
10318
10406
10042
9877
10564
10470
10288
10619
10320
10083
10328
10006
10039
10322
10265
10241
10154
10210
10349
10573
10247
10379
10272
10299
10189
10561
10133
10145
10107
10121
9906
10398
10392
10178
10316
10069
10057
10102
10492
10157
10563
10334
10171
10151
9998
9897
10202
10226
10073
10289
10089
10099
10364
10296
10356
9980
10189
10144
10410
10175
10263
10355
9775
10176
10392
10141
10002
10564
10315
9904
10244
10124
10195
10393
10434
10023
10146
10265
10021
10238
10356
10249
10405
10009
10047
10372
9900
10089
10551
10061
10373
10271
10202
10336
10561
10511
9880
10229
10168
10221
10620
10453
9828
10448
10097
10336
10401
10299
10207
10155
10542
10279
10526
10063
10315
10438
9989
9982
9981
9817
10075
10079
10125
9929
10337
10187
9829
10307
10009
9761
10220
10092
9847
10319
9748
9786
10071
9610
10054
10048
10048
10193
10417
9722
9835
10160
9950
10067
10207
9854
9793
10064
9903
9947
10180
9912
10145
10212
9771
9933
10232
10207
10269
10102
9982
10063
10039
10111
9825
10593
9819
9739
10360
10342
10191
10412
9834
9752
10393
10325
10421
10402
10227
9699
10198
9965
10213
10490
10224
9979
9916
9677
9749
10027
10155
9921
10110
10226
9888
10256
10142
10016
10504
9832
9929
10133
9944
10051
10349
9866
9933
10205
9974
9985
10601
10330
10324
10404
10295
10169
10213
10458
10228
10391
10288
10048
10461
10169
10342
10347
10110
10040
10465
10198
10282
10588
10236
10096
10356
10165
9953
10520
10568
10017
10226
10339
10001
10279
10523
10256
10050
10090
10035
10436
10392
10362
10656
10003
9852
10472
10175
10210
10508
10183
9981
10328
10318
10171
10551
10151
9886
10313
10089
10017
10281
10187
10320
10242
10247
9931
10424
10095
10429
10406
10088
10209
10415
10005
9989
10537
10355
9814
10423
10105
9887
10245
10209
9734
10437
9855
10134
10384
10211
10161
10388
10005
10111
10305
10184
10398
10430
10249
10224
10464
10204
10268
10394
10286
9986
10462
10135
10229
10505
10593
10233
10458
10416
10338
10294
10294
10201
10294
10196
10178
10345
10011
10140
10227
9695
9948
10288
9964
10092
10303
9814
9914
10299
9798
10135
10377
9983
9658
9952
9632
10045
10371
9986
10110
9919
9884
9689
10296
10119
10092
10127
10071
9809
9983
9834
9699
10358
9948
9798
10238
9732
10078
10074
9900
9784
10121
10014
9843
10051
10288
10106
9945
10203
10081
10559
10336
9866
10199
10038
9934
10243
10245
10238
10252
9828
9966
10277
9856
10471
10219
10068
9682
10198
9718
10136
10427
10144
10131
10189
9995
9821
10368
10226
10008
10084
9918
10102
10102
9785
10099
10443
9821
10090
10240
10172
10002
10382
10220
9967
10145
10061
10156
10594
10469
10045
10455
10388
10072
10225
10227
10334
10316
10303
10238
10571
10201
10296
10512
9747
9961
10205
10215
10021
10374
10326
10018
10113
10122
10182
10549
10525
10158
10147
10075
10325
10495
10449
10395
10420
9842
10066
10230
10185
10207
10507
10042
9738
10356
10177
10216
10384
10121
9858
10584
10236
10215
10321
10458
10022
10207
10096
10203
10710
10093
10272
10208
10040
10132
10416
9906
10227
10463
10314
10086
10370
10444
10308
10252
10200
9927
10180
10356
10306
10427
9959
10039
10284
10118
10089
10415
9994
10133
10195
10349
9905
10336
10269
10302
10427
10010
10172
10372
10482
10282
10422
10128
10256
10317
10387
10220
10539
10354
9885
10348
10046
10103
10266
9752
10073
9992
10102
9759
10326
10404
10184
9900
9862
9678
10154
10092
10208
10196
9785
9605
9969
9945
9995
10260
10172
9881
10186
9798
9654
10305
10068
9764
10269
10143
9809
10027
10231
9758
9921
9744
9964
10220
9793
9890
10379
9720
9986
10098
10100
10178
10353
10356
9859
10190
10059
9975
10424
10286
9823
10202
9879
9970
10316
10153
10483
9997
10233
9867
10037
9947
10056
10516
10031
9735
10112
9759
9789
10464
10199
9966
10235
10281
9887
10321
10057
9695
10291
10138
10237
10441
10108
10386
10124
9747
9815
10391
10213
9961
10448
9926
9914
10477
10130
9982
10411
10074
10247
10188
10365
10196
10580
10447
9948
10180
10001
10294
10590
10218
10220
10165
10123
10239
10291
10335
10215
10381
10236
10035
10421
10323
10311
10595
10268
9806
10370
9963
10268
10551
