10899
12242
10562
10251
10306
10715
10450
10303
10617
10618
10200
10320
10355
10724
10514
10384
10530
10420
10327
10239
10418
10485
10353
10905
10527
10155
10702
10417
10072
10705
10450
10262
10400
10720
10060
10547
10406
10386
10325
10576
10361
10458
10489
10331
10546
10515
10467
10521
10358
10382
10448
10358
10640
10930
10648
10474
10446
10339
10462
10682
10744
10454
10590
10815
10136
10608
10299
10410
10404
10616
10517
10421
10421
10575
10456
10395
10441
10656
10270
10193
10805
10388
10148
10759
10515
10574
10584
10498
10997
10642
10712
10115
10798
10441
10383
10617
10871
10273
10751
10677
10511
10576
10840
10541
10710
10607
10270
10980
10595
10709
10743
10537
10718
10923
10519
10639
10602
10854
10524
10911
10767
10553
10555
10866
10136
10513
10764
10533
10687
10667
10525
10711
10718
10565
10678
10457
10464
10867
10533
10586
10684
10324
10421
10856
10740
10449
10530
10697
10117
10787
10486
10135
10939
10568
10324
10712
10378
10797
10491
10923
10441
10443
10837
10650
10717
10488
10616
10666
10520
10262
10803
10657
10279
10799
10928
10194
10806
10840
10294
10493
10771
10573
10513
10631
10805
10459
10304
10724
10551
10759
10381
10753
10683
10552
11165
10492
10788
11051
10428
10335
10706
10682
10648
10839
10910
10626
10853
10698
10446
10829
10546
10861
10524
10819
11027
10749
10367
10326
10242
10270
10171
10533
10253
10127
10437
10426
9936
10628
10365
10061
10564
10408
10095
10315
10616
10520
11002
10373
10194
10607
10820
10203
10289
10582
10467
10844
10372
10210
10811
10167
10272
10407
10104
10390
10705
10694
10322
10486
10690
10359
10700
10606
10245
10514
10585
10170
10388
10505
10570
10486
10698
10323
10363
10302
10554
10498
10669
10705
10824
10431
10538
10691
10320
10512
10576
10779
10061
10734
10718
10269
10446
10681
10360
10580
10399
10425
10323
10446
10406
10586
10425
10711
10621
10360
10316
10556
10177
10250
10811
10310
10729
10543
10906
10523
10716
10720
10444
10911
10807
10193
10945
10692
10406
10567
10631
10631
10663
10515
11707
10736
10364
10731
10684
10577
10251
10735
10489
10456
10919
10539
10421
10575
10635
10428
10712
10515
10538
10687
10703
10680
10664
10630
10819
10465
10641
10668
10507
10657
10731
10930
10635
10591
10831
10656
10544
10604
10474
10544
10827
11154
10220
10821
10809
10181
10631
10832
10421
10673
10577
10573
10530
10699
10534
10705
11893
10451
10919
10459
10751
10865
10624
10455
10857
10354
10443
10799
10337
10652
10832
10848
10506
10844
10633
10590
10921
10565
10525
10785
10622
10444
10643
10744
10482
10544
10751
10493
10676
10556
10566
10997
10534
10757
10654
10560
10623
10987
10553
10620
10832
10617
10227
10831
10525
10481
10289
10422
10305
10619
10528
10614
10491
10279
10388
10703
10464
10294
10730
10557
10417
10730
9987
10363
10856
10732
10265
10582
10483
10006
10703
10643
10117
10319
10395
10361
10264
10397
10261
10440
10279
10582
10310
10462
10518
10420
10338
10457
10727
10274
10138
10512
10543
10239
10421
10755
10367
10499
10816
10125
10509
10287
10627
10580
10589
10500
10436
10609
10551
10492
10265
10599
10773
10527
10568
10726
10272
10467
10598
10437
10364
10560
10473
10334
10349
10713
10161
10581
10450
10296
10704
10497
10438
10569
10353
10392
10410
10394
10164
10821
10639
10595
10925
10752
10257
10789
10388
10266
10614
10625
10260
10733
10474
10602
10700
10804
10502
10661
10547
10863
10506
10501
10811
10675
10512
10446
10714
10503
10267
10736
10696
10188
10899
10583
10371
10707
10868
10620
10573
10883
10670
10643
10578
10792
10462
10903
10296
10677
10780
10783
10672
10753
10382
10745
10613
10525
10887
10699
10432
10747
10353
10633
10646
10633
10580
10513
10683
10396
10792
10573
10650
10663
10771
10376
10621
10749
10311
10440
10576
10597
10727
10677
10449
10762
10490
10491
10676
10477
10412
10826
10558
10620
10827
10621
10215
10746
10691
10516
10559
10863
10646
10816
11073
10738
10763
10484
10832
10606
10675
10628
10520
10681
10755
10850
10408
10753
10927
10731
10710
10652
10269
10261
10542
10639
9990
10473
10634
10298
11451
10406
10119
10311
10264
10240
10342
10395
10202
10306
10430
10435
10548
10273
10361
10717
10264
10077
10582
10232
10303
10486
10725
10262
10449
10492
10138
10793
10711
10443
10563
10626
10497
10386
10371
10530
10484
10465
10497
10565
10509
10427
10718
10205
10398
10922
10545
10468
10564
10602
10283
10655
10785
10259
10617
10852
10439
10565
10517
10474
10708
10841
10442
10606
10281
10394
10427
10410
10562
10915
10380
10454
10483
10279
10240
10662
10705
10552
10795
10656
10183
10583
10592
10280
10693
10670
10720
10401
10933
10604
10502
10572
10334
10671
10521
10423
10704
10754
10320
11182
10421
10475
10843
10516
10422
10896
10861
10694
10547
10597
10372
10840
10720
10310
10623
10581
10572
10619
10550
10480
10655
10623
10798
10967
10622
10316
10659
10694
10554
10700
10268
10753
10797
10512
10627
10871
10749
10610
10747
10576
10433
10469
10497
10470
10509
10837
10617
10714
10656
10594
10388
10394
10386
10915
10516
10423
10841
10589
10477
10855
10565
10248
10958
10874
10209
10762
10608
10137
10461
10420
10535
10533
10398
10924
10661
10523
10387
10462
10492
10570
11167
10481
10844
10933
10678
10539
10551
10682
10272
10606
10773
10329
10835
10973
10578
10576
10761
10477
10752
10940
11019
10468
10677
10823
10610
10656
10551
10994
10497
10314
10518
10241
10180
10723
10488
10334
10573
10515
9865
10408
10326
10329
10327
10550
10339
10475
10565
10370
10549
10692
10961
10668
10573
10104
10346
10265
10297
10787
10253
10338
10940
10165
10142
10432
10606
10475
10389
10659
10124
10540
10251
10032
10520
10475
10264
10367
10453
10155
10400
10553
10512
10688
10505
10467
10454
10193
10335
10492
10528
10501
10620
10758
10348
10787
10594
10496
10681
10676
10392
10690
10503
10386
10346
10432
10789
10521
10643
10489
10311
10423
10066
10525
10488
10544
10566
10322
10539
10865
10468
10504
10590
10643
10134
10608
10658
10294
10663
10641
10222
10797
10780
10445
10525
10542
10605
10705
10362
10856
10345
10910
10468
10697
10564
10467
10873
10376
10670
10785
10897
10457
10601
10877
10184
10728
10770
10389
10899
10678
10851
10762
10815
10692
10734
10818
