9812
10924
9802
9704
9729
9812
9475
9281
9777
9764
9473
9471
9720
9631
9858
10093
9575
9624
9791
9539
9803
9738
9757
9836
9983
9541
9927
9633
9794
9919
9824
9463
9700
9899
9290
9846
9845
9826
9623
9839
9461
9953
9870
9315
9604
9727
9712
9789
9575
9432
9983
9786
9384
9965
9909
9693
9637
9732
9570
9692
9743
9932
9861
9986
9556
9816
9870
9449
10099
9868
9454
9722
9842
9823
9837
9705
9708
9780
10028
9360
9694
9534
9452
9703
9873
9596
9832
10095
9529
9682
9872
9635
9658
9825
9691
10006
10211
9678
10056
10022
9858
9718
9814
9430
9912
10137
9452
9849
9873
9772
10217
9756
9726
9888
10185
9831
9764
10061
9956
9959
9961
9714
10018
9798
9564
9736
9704
9838
10057
9912
9650
10042
9857
9462
10062
9970
9942
10084
9956
9882
9929
10138
9455
9709
9747
9629
10397
9869
9835
9966
9891
9756
9919
9846
9748
10298
9797
9570
9798
9971
9678
9800
9774
9750
10170
9701
9568
9888
10109
9301
9695
9915
9807
10091
9799
9581
10039
9907
9611
9911
9959
9708
10205
10008
9791
9788
10088
9723
9738
9875
9678
10035
9756
9694
10003
10226
9702
9974
9973
9658
10146
9593
9667
9855
10096
9564
9759
9963
10020
10035
9719
9793
10033
9950
9571
10095
9763
9687
9897
9441
9412
9733
9708
9314
9851
9661
9359
9831
9501
9453
9701
10010
9320
9531
9673
9751
10139
9587
9632
9946
9926
9429
9563
9525
9426
10033
9692
9327
9638
9638
9530
9867
9571
9838
10012
9812
9648
9690
9974
9708
9935
9768
9718
9863
9783
9551
9675
9637
9602
9636
9587
9737
9935
9398
9536
9951
9942
9780
9788
9777
9721
9976
9840
9659
9862
10043
9951
9905
9644
9490
10030
9426
9433
10012
9957
9685
9753
9719
9669
9964
9490
9739
9804
10077
9614
9547
9860
9697
9900
9672
9619
9943
10003
9770
9948
9661
9535
9948
9489
9650
9844
9893
9906
10045
9800
9871
10149
9658
9847
9833
9920
9990
9869
9770
9618
9830
9763
9608
9843
10016
9635
9946
9904
9775
10180
9864
9443
9912
9817
9784
9699
10012
9726
9937
9693
9622
9814
10083
9808
9906
9904
9428
10091
10005
9419
9775
9708
9620
9654
9773
9737
10104
10095
9704
9813
10026
9667
9688
9657
9542
10087
10218
9507
9746
9966
10038
9637
9687
9740
9916
10132
9636
9977
9910
9787
9788
9876
9855
9860
10591
9752
10000
10016
9915
9674
10009
9839
9843
10230
9647
9970
9955
9653
9839
9699
9516
9982
10103
9745
9821
9909
9813
9907
9951
9950
10105
9984
9669
9904
10111
9750
9696
9776
9626
9830
9824
9348
9975
9884
9502
9770
9405
9486
9809
9936
9603
9846
9712
9534
9548
9865
9515
9986
10024
9648
9726
9942
9632
9730
9408
9623
9848
9746
9482
9695
9784
9541
9590
9651
9642
10034
10027
9663
9592
9887
9506
9838
9841
9749
9727
10060
9270
9789
9655
9799
9935
9535
9711
9941
9616
9285
9859
9992
9662
9909
9855
9797
9693
9856
9418
9691
9996
9895
9925
9685
9581
9700
9846
9366
9953
9651
9518
9955
9524
9441
9752
9868
9580
9760
9755
9805
10232
9791
9783
9922
10163
9471
9757
9882
9829
10233
9626
9738
10123
9749
9657
9807
9719
9585
10182
9666
9594
9832
9975
9633
9772
9852
10088
10079
9651
9712
10026
10079
9427
10051
9692
9572
10253
9762
9507
9980
10007
9436
9801
9668
9672
10038
9913
9813
10071
9923
9725
9711
10074
9771
10134
9773
9562
10091
9820
9596
9881
9972
9530
9914
9628
9439
9767
9829
9714
9678
9883
9840
9998
9632
9864
9925
10096
9568
9705
10025
9467
10163
9536
9437
9896
9724
9501
9686
9621
9559
10107
9831
9645
9884
10016
9492
9745
9803
9667
10269
9926
9620
9975
10196
9629
10063
9717
9881
9986
9689
9479
9880
10006
9511
9861
9848
10034
10262
9699
9953
9992
10180
9988
10031
10070
10047
10215
9496
9530
9672
9549
9697
9641
9613
9469
9858
9427
9318
9618
9630
9768
9732
9718
10090
9828
9727
9683
10023
9730
9709
9708
9541
9319
9877
9437
9626
9704
9674
9752
9777
9562
9334
9972
9884
9652
9789
9806
9576
9833
9765
9425
10060
9652
9480
9694
10065
9611
9535
9549
9856
10045
9523
9560
9779
9616
9483
9677
9664
9559
9842
9778
9644
9672
9747
9586
9913
9920
9557
9924
9611
9346
9767
9582
9602
9744
9663
9516
9910
9532
9391
10113
9755
9677
9926
9727
9734
9826
9837
9634
9825
9876
9774
9700
9834
9818
10235
9607
9609
9925
10191
9932
9922
9970
9581
9971
9563
9877
10049
9822
10075
9912
9878
9742
10094
9923
9572
9753
9983
9815
10054
9798
9679
9919
9699
9538
9873
9901
9653
9988
9858
9898
10133
9668
9602
9944
9941
10014
9696
9932
9860
9904
9945
9402
10241
9705
9848
9688
9576
9480
9939
10011
9363
9772
10523
9818
9702
9860
9692
10065
10123
9794
9945
10032
9959
9787
9937
9689
9838
9879
9432
9845
9801
9648
9637
9895
9502
10079
9847
9591
9998
10083
9706
9858
9758
9817
9856
9930
9844
9812
10125
9825
9938
9697
9593
10033
9899
9442
10027
9757
9803
9872
9784
9694
9937
9971
9708
9804
9881
9873
9943
9821
9688
9890
10038
9489
9738
9560
9712
9556
9708
9498
9958
9638
9352
9583
9872
9744
9921
9853
9607
10133
9821
9312
9762
9976
9770
9612
9540
9550
10134
9735
9525
9899
9806
9815
9614
9405
9300
9636
9671
9376
9785
9760
9753
9509
9543
9484
9792
9972
9713
9854
9765
9520
9568
9459
9655
9904
9981
9589
9614
9526
9684
9518
9606
9513
10062
9972
9377
9632
9943
9835
9630
9938
9625
10110
9773
9329
9991
9801
9512
9896
9614
9536
9717
9702
9512
9872
9820
9902
10139
9968
9628
9896
10035
9569
9745
9862
9678
9920
9851
9533
9951
9865
9645
9975
9643
9789
10018
9623
9661
10143
9823
9691
9774
9825
10013
10214
9832
9628
9840
9891
9724
9700
9832
9588
10010
9602
9705
9804
9734
9605
10016
9785
9849
10115
9800
9651
10091
9882
