15178
12617
10930
10724
10576
10743
10520
10732
10646
10593
10738
10866
10464
10961
11057
10713
10692
11057
10937
10438
10667
10636
10789
10860
10694
10590
10986
10544
10396
11009
10622
10510
10633
10570
10846
10831
10979
10738
10859
10633
10627
10791
10363
10607
10760
10791
10307
10644
10725
10708
10673
10582
10838
11263
10672
10913
10948
10792
10548
10969
10576
10811
10740
10784
10681
10653
10773
10827
11171
10805
10719
10779
10954
10496
10711
11010
10598
10701
10615
10809
11096
10636
10599
11024
11352
10561
10859
10962
10858
10730
10818
10492
10779
10664
10685
11258
10837
10710
11038
10993
10833
11105
10801
10863
10868
10699
10786
11255
10893
10800
10952
10712
10532
11242
11190
10696
11058
11002
10910
11012
11021
10998
11302
10896
10845
11180
10967
10844
10948
10802
10894
10876
10802
10861
11256
10697
10666
11054
11211
10760
11074
10823
10432
10757
10812
10997
10973
10509
10582
11174
10663
10894
10857
10965
10758
11086
10846
11062
11006
10753
10714
10973
10658
10805
11017
11204
10787
11145
10816
10402
10844
10810
10690
10809
10797
10950
10939
10460
10923
11010
11002
10590
10903
10810
10921
11009
10753
10971
11235
10977
10587
11142
11047
10886
11000
11065
10719
11236
10924
10887
10815
10833
10692
11239
10781
10695
11266
11020
10753
11108
10868
10993
11126
10816
10954
11068
10572
10425
11006
10751
10623
11030
10771
10646
10814
10620
10846
10799
10522
10889
11115
10894
10718
11071
10607
10214
10714
10787
10706
10640
10346
10655
10885
10447
10855
11083
10977
10728
10690
10503
10435
10827
10617
10687
10684
10639
10502
10804
10419
10561
10790
11012
10644
10688
10859
10949
10970
10835
10896
10954
10441
10864
10932
10381
10552
10698
10677
10449
10918
10835
10626
10689
10576
10542
11154
10856
10574
10872
10910
10537
10833
10780
10796
10897
10773
10975
11090
10615
10567
11017
10607
10528
10956
10741
10471
10853
10562
10725
10956
10842
10840
11092
10702
10873
11230
10983
10760
11128
10875
11056
11076
10844
11083
11192
10828
10562
11245
10867
10712
10978
10944
10591
10861
10784
10798
10866
10675
11003
11075
10688
10775
10925
10889
10825
10934
10728
10739
10819
10633
10990
11248
10938
10919
11135
10743
10771
11256
10860
10469
11050
10771
10600
10771
10715
10818
11291
10697
10603
10914
10667
10643
11086
10640
11100
11081
10746
10995
11094
10742
10514
11100
10848
10766
11156
10784
10538
10756
10633
11047
11026
11000
10986
10989
10422
10717
11055
10942
10684
11093
10622
10715
10804
10921
10825
10997
10798
10629
11250
10881
10830
11189
11212
10832
10987
10767
11121
11144
10868
10749
11021
10582
10786
11145
11049
10809
11080
11118
10756
10911
10855
10976
11049
10560
10455
10801
10247
10650
11061
10666
10419
10661
10480
10574
10550
10390
10562
11008
10647
10626
10840
10950
10519
10705
10798
10825
10869
10794
10526
10600
10359
10701
10917
10343
10766
10673
10491
10342
10957
10906
10812
10960
10572
10527
10830
10401
10651
11135
10795
10434
10884
10788
10883
10895
10593
10733
10882
10483
10951
10828
10359
10570
10891
10772
10638
11046
11000
10951
10835
10607
10473
11213
10849
10754
11078
10731
10321
10766
10463
10407
11024
10638
10855
10992
10668
10565
11193
10630
10710
11238
10862
10418
10888
10623
10553
10720
10859
10835
10929
10554
10623
11249
11100
10968
11087
10852
10593
11092
10642
10878
10907
10704
10869
10956
10495
10575
11111
11145
10755
10828
11098
11004
11052
10921
10776
11286
10920
10783
11259
10913
10771
11179
10754
10614
10840
10668
10913
11022
10534
10649
11241
10889
10578
10991
10878
10499
10973
10517
10837
10757
10489
10788
11101
10475
10837
10966
10711
10568
11089
10918
10801
10796
10993
10911
10885
10648
10626
11274
10990
10655
11220
11172
10685
10857
10820
10979
11135
10692
10762
11186
10689
10631
11174
11081
10691
10994
11003
10499
10991
10786
11080
10985
10997
10827
11098
10735
10716
11241
11145
10787
10960
10923
11085
11181
10856
10952
11056
10614
11016
11033
10825
10653
10971
10902
10515
11158
11095
12067
11420
10702
10708
10447
10259
10864
10758
10839
10876
10439
10508
11124
10603
10470
10916
10642
10540
11038
10831
10672
10607
10596
10831
10551
10585
10418
10598
10277
10371
11019
10687
10482
10813
10752
10682
10543
10592
10938
10844
10442
10640
10575
10622
10593
10788
10559
10541
10566
10738
10900
10700
10695
10853
10887
10560
10539
11102
10928
10587
10868
10749
10614
10938
10745
10877
10797
10429
10837
10696
10645
10611
10667
10668
10381
10904
10689
10697
10835
10528
10748
10933
10435
10397
10681
10679
10503
10887
10830
11140
10766
10585
10719
11017
10674
11040
10827
10670
10737
11012
10968
10783
10845
10611
10978
10952
10944
10701
11084
10887
11043
11046
10709
10756
10785
10700
11176
10920
10767
11042
11228
10928
10853
11047
10775
11045
10982
10927
10722
11023
10962
10692
10788
10523
10904
10864
10568
10995
10779
11124
10923
10990
10612
12006
10765
10553
10765
10883
10499
10667
11106
10700
10568
10868
10745
10420
10813
10790
10671
10686
10832
11084
11150
10849
10813
10936
10942
10941
10893
10906
10936
10888
10793
10876
11267
10914
11030
11241
10761
10464
10792
10779
10760
11027
10769
10671
10606
10738
10803
10944
10527
10821
10829
10788
10786
10971
10984
11262
11098
11007
11064
11119
10753
10704
11183
10839
10928
11224
10835
10674
11066
10629
11148
11005
10633
10870
11256
10790
10430
10946
10931
10537
10902
10507
10807
10934
10710
10451
11056
10682
10768
10720
10415
10779
10514
10781
10614
10894
10719
10987
10726
10659
10853
10844
10474
10463
10985
10790
10561
10943
11570
10620
10390
10453
10979
10859
10368
10855
10839
10449
10716
10639
10735
10566
10701
10680
10687
10612
10701
10675
10929
10396
10675
10878
10958
10542
10863
10459
10896
10916
10630
10936
10721
10649
10840
10637
10374
10899
10947
10633
10526
10536
10425
10774
10911
10460
10545
11132
10677
10670
11021
10900
10699
10951
10987
10828
10600
10775
10898
10789
10621
10720
10831
10401
10830
10878
10966
10779
11093
10992
11124
11015
10949
10964
11117
10827
11000
10928
10799
10577
10925
10928
11185
10987
10884
10837
10674
10814
11123
11167
10868
10964
10996
10858
10501
10976
10795
10711
10780
10667
10902
11190
10696
10778
