15599
12348
10889
10805
11006
10690
10676
10918
10696
10468
10722
10605
10814
11032
10868
10707
10801
10763
10655
10806
10799
10537
10797
10631
10519
11088
10697
10667
11087
10715
10774
10946
10669
10519
10875
10513
10767
10885
10950
10704
10863
10766
10572
10773
10654
10537
10808
10506
10666
10766
10431
10488
10996
10639
10789
10839
10501
10559
10701
10605
10503
10744
10643
10448
10649
10548
10830
11082
11055
10987
11118
10785
10786
11015
10635
10702
10976
10658
10781
11006
10725
10593
10804
10682
10564
10877
10747
10499
10677
10534
10424
10612
10455
10793
10984
10806
10841
10988
10674
10782
10924
10617
10554
10882
10566
10546
10827
11065
10853
11122
10952
10770
11175
10971
10916
11044
10882
10623
10923
10597
10699
11303
10973
11061
11216
10920
10999
11174
10866
10937
11115
10940
10717
11023
10924
10687
11103
10982
10693
11031
10628
10619
10968
10599
10607
10827
10648
10563
10775
10704
10691
10928
10770
10561
10880
10548
10703
10871
10701
10508
10778
10626
11070
11304
11205
10904
11204
11055
10976
11145
10813
10708
11103
10771
10805
11184
10674
10704
10992
10637
10754
10972
10845
10577
10845
10698
10494
10805
10537
10429
11268
10967
11045
11235
11022
11003
11206
10878
10990
11106
10804
10913
11105
10927
11052
11321
11235
10969
11259
11128
10912
11174
11047
10932
11201
10866
10600
11155
10738
10816
11109
10773
10845
11023
10864
10597
10905
10676
10623
10940
10787
10540
10726
10726
10561
10731
10510
10516
10736
10550
10475
10647
10285
10351
10612
10753
10726
11011
10665
10579
10862
10833
10596
10934
10761
10529
10748
10658
10529
10827
10797
10539
10826
10514
10618
10679
10392
10440
10777
10491
10523
10735
10622
10779
10793
10688
10589
10972
10704
10562
10781
10603
10340
10628
10444
10429
11242
10809
10812
10915
10862
10775
10951
10667
10682
10897
10663
10460
10770
10443
10976
11151
11012
10798
10915
10834
10715
10944
10896
10657
10938
10837
10898
10965
10790
10756
10980
10684
10835
10927
10636
10677
10907
10651
10640
10875
10641
10463
11297
11172
10994
11327
10883
10867
11171
10865
10940
11116
10761
10884
11009
10967
11043
11285
10944
10980
11144
11050
10806
11083
10952
10757
11118
10996
10719
11425
11142
11032
11273
10902
10906
11124
10744
10863
11083
10765
10876
11114
10854
10708
10987
10803
10647
10986
10798
10575
10815
10666
10603
10739
10514
10562
10756
11150
11029
11212
10890
10963
11190
10905
10833
11223
10735
10732
11062
10935
10736
11093
10941
10791
11015
10860
10808
11064
10862
10620
10910
10687
10717
10938
10850
10927
11098
10779
10856
11072
10798
10832
10999
10922
10693
10965
10868
10579
11382
11267
10958
11339
10990
10933
11257
10952
10694
10929
10715
10607
10872
10586
10594
10933
10676
10451
10736
10424
10611
10851
10580
10381
10614
10425
10336
10608
10844
10613
10953
10713
10583
10779
10385
10379
10758
10402
10562
10768
10313
10646
10990
10623
10769
10964
10832
10624
10818
10713
10441
10778
10507
10446
10750
10600
10729
10888
10525
10539
10872
10630
10667
10813
10370
10477
10615
10494
10399
10955
10908
10648
10885
10696
10510
10779
10733
10591
10860
10499
10412
10658
10294
10935
11186
10873
10927
11174
10881
10687
11045
10883
10710
11109
10843
10604
11146
10928
10854
11067
10854
10927
11108
10948
10940
11198
10854
10898
11109
10753
10782
11077
11504
10760
11076
10943
10683
10922
10846
10604
10926
10798
10744
10884
11227
10948
11210
10917
11017
11232
10899
10931
11134
10841
10850
11041
10754
10859
11060
10910
10666
10981
10831
10606
10941
10862
10605
10942
10521
10526
10893
10452
10868
11039
10886
10758
11016
10688
10640
10863
10757
10566
10779
10566
10724
11317
11118
11010
11133
11087
10953
11139
11087
10845
11147
10984
10837
11028
10698
10922
11266
10934
11107
11226
10838
10848
11060
10814
10892
11168
10954
10731
11003
11150
10902
11241
10983
10907
11168
10864
10986
11155
10794
10899
11190
10797
10881
11072
10774
10858
11040
10853
10694
10953
10920
10625
10918
10732
10615
10831
11210
11099
11203
10903
10681
10853
10634
10666
10913
10627
10640
10798
10599
10384
10825
10704
10556
10800
10710
10486
10699
10554
10415
10637
10374
10441
10617
10504
10805
10972
10621
10652
10972
10668
10580
10965
10429
10490
10712
10566
10474
10734
10832
10629
10872
10667
10627
10823
10786
10528
10796
10529
10573
10750
10382
10467
11196
10912
10964
11185
10684
10782
10983
10902
10745
11139
10871
10667
10900
11040
10795
11058
10911
10805
11143
10807
10722
10958
10780
10655
10993
10710
10646
11225
11033
10764
11031
10707
10929
11108
10939
10736
10897
10887
10735
10838
10828
10743
11033
10909
10923
11119
10749
10732
10999
10757
10737
10938
10638
10610
10915
10838
10830
11051
10881
10684
11031
10926
10644
10941
10637
10543
10840
10524
11153
11271
11045
11041
11193
10924
10946
11135
11681
10877
11086
10917
10671
11008
10892
10645
11085
10901
10670
11039
10881
10689
10881
10604
10534
10804
10481
10483
10996
10687
10716
10962
10760
10570
10925
10795
10562
10948
10693
10484
10759
10577
10745
10974
10767
10770
10958
10826
10618
10797
10497
10654
10881
10528
10466
10749
10880
10783
11098
10948
10743
11012
10971
10680
10976
10831
10673
10888
10796
10997
11245
10951
11078
11247
10916
10966
11257
10945
10924
11171
10892
10932
11094
11192
11088
11299
11194
10942
11296
11186
10873
11217
10953
10845
11137
10803
10626
11033
10985
10874
11033
10767
10733
10965
10799
10583
10781
10495
10671
10853
10738
10828
11008
10890
10881
10985
10931
10661
10976
10841
10706
10809
10476
10438
11048
10713
10769
11025
10528
10574
10873
10504
10675
10909
10705
10438
10664
10504
10791
11019
10819
10783
11043
10731
10866
10952
10671
10708
10987
10763
10818
10926
10736
10812
11028
10850
10734
10996
10826
10725
10808
10660
10535
10771
10773
10661
10953
10632
10609
10800
10439
10526
10861
10484
10582
10794
10481
10328
10585
10966
10846
11115
10958
10788
10968
10868
10731
10974
10664
10821
10918
10737
10812
11116
10751
10894
10936
10669
10654
10919
10699
10585
10928
10772
10489
10752
10619
10979
11359
11207
11052
11242
11094
10837
11135
10808
10934
11149
10790
10862
10996
10695
10794
10993
10680
10758
10953
10811
10544
10876
10698
10515
