10936
12458
11043
11558
11885
11569
11479
11401
11241
11549
11488
10946
11453
11386
11260
11477
10826
11298
11615
11313
11404
11742
11628
11254
11620
11310
11149
11292
11495
11272
11770
11668
10964
11467
11319
11535
11532
11659
11596
11685
11405
11264
11163
10933
11138
11585
11271
11374
11464
11056
11245
11401
11565
11158
11520
11777
11317
11909
11137
11349
11762
11625
11727
11857
11484
11250
11411
11345
11408
11548
11362
11402
11705
11435
11043
11427
11608
11519
11633
11415
11359
11599
11324
11584
11888
11537
11524
11792
11404
11464
11494
11223
11201
11769
11784
11308
12109
11418
11800
11843
11242
11530
11648
11730
11680
11836
11669
11714
11749
11587
11565
11645
11294
11281
11956
11761
11244
11564
11287
11710
11961
11207
11386
11835
11585
11595
11668
11532
11752
11799
11471
11954
11505
11603
11709
11691
11793
11354
11756
11417
11653
11744
11411
11218
11548
11848
11185
11655
11334
11320
11756
11814
11455
11659
11541
11553
11750
12048
11237
11572
11422
11589
11844
11506
11271
11544
11448
11395
11583
11652
11112
11898
11658
11927
11575
11458
11376
11674
11476
11555
11702
11571
11774
11872
11557
11363
12085
11605
11319
11691
11293
11475
11567
11346
11498
11775
11288
11368
12019
11697
11635
12015
11801
11634
11858
11647
11568
11795
11634
11347
12077
11330
11831
11582
11954
11373
11467
11240
11221
11381
11349
11406
11817
11048
11305
11446
11385
11318
11800
11465
11398
11522
11324
11392
11543
11343
11283
11382
11428
11173
11484
11216
11053
11444
11305
11440
11520
11221
11390
11463
11578
11163
11642
11417
11272
11820
11301
11344
11361
11386
11322
11708
11380
11262
11648
11290
11327
11585
11482
11584
11708
11621
11271
11727
11308
11262
11504
11718
11607
11352
11342
11511
11725
11179
11232
11460
11447
11191
11450
11321
11296
11477
11440
11476
11573
11656
11286
11678
11371
11294
11465
12529
11388
11827
11344
11133
11487
11452
11477
11844
11166
11519
11757
11289
11644
11954
11310
11504
11954
11461
11836
11913
11440
11642
11571
11994
11413
11431
11695
11290
11891
11626
11404
11561
11378
11414
11943
11350
11519
11567
11435
11564
11379
11853
11607
11741
12086
11362
11778
11618
11313
11756
11397
11160
12530
11289
11672
11960
11409
11629
11696
11448
11456
11597
11403
11608
11813
11487
11281
11371
11777
11575
12014
11582
11393
11825
11594
11504
11864
11444
11637
11754
11280
11821
11611
11557
11632
11735
11600
12021
11824
11266
11468
11582
11736
11105
11594
11849
11545
11690
11484
11227
11925
11353
11760
11379
11279
11434
11832
11590
11545
11445
11484
11992
11660
11644
11474
11532
11622
11604
12097
11448
11941
11962
11826
11740
11698
11726
11562
11826
11506
11742
11429
11193
11452
11533
11209
11110
11401
11616
11493
11807
11385
11201
11848
11646
11576
11567
11075
11664
11797
11481
11465
11558
11285
11408
11329
11162
10978
11459
11390
11717
11811
11350
11245
11525
11562
11455
11434
11435
11372
11696
11255
11004
11285
11118
11527
11947
11523
10957
11336
11104
11228
11500
11404
11504
11705
11624
11586
11207
11453
11175
11582
11571
11372
11375
11140
11274
11629
12631
11481
11406
11701
11501
11972
11175
11607
11518
11537
11565
11846
11230
11272
12890
11601
11524
11523
11553
11144
11596
11606
11153
11692
11531
11408
12030
11405
11494
11783
11586
11507
11745
11571
11345
11809
11662
11518
11525
11498
11317
11640
11827
11338
11832
11559
11516
11834
11313
11436
11522
11331
11712
11491
11228
11607
11849
11605
11718
11666
11746
11596
11874
11715
11387
11777
11873
11611
11880
11575
11308
11884
11966
11555
11967
11564
11599
11681
11645
11249
11467
11925
11623
11986
11845
11549
11761
11709
11565
11667
11594
11496
11781
11380
12077
11531
11271
11680
12004
11939
11283
11873
11218
11376
11700
11435
11583
11643
11574
11378
11921
11493
11383
11689
11461
11859
11667
11462
11374
11616
11460
11612
11698
11766
11552
11924
11627
11541
12087
11670
11688
11998
11455
11636
11807
11538
11456
12050
11800
11431
11914
11655
11556
11461
11416
11377
12064
11927
11573
11401
11271
11362
11761
11346
11361
11698
11543
11485
11389
11608
11287
11571
11590
10945
11556
11227
11142
11688
11600
11271
11609
11277
11496
11725
11091
11154
11361
11689
11526
11443
11059
11348
11628
11540
11326
11327
11281
11550
11874
11854
11103
11202
11298
11188
11735
11055
11550
11560
11581
11166
11430
11155
11304
11704
11489
11643
11364
11573
11122
11715
11518
11442
11405
11600
11544
11523
11139
11499
11748
11192
11505
11503
11363
11142
11652
11670
11417
11873
11573
11639
11669
11675
10941
11719
11570
11686
11631
11247
11246
11557
11345
11266
11649
11468
11675
11724
11790
11416
11637
11676
11907
11704
11975
11356
11577
11460
11439
11918
11472
11510
11633
11578
11501
11638
11822
11458
11804
11914
11078
11761
11805
11305
11781
11654
11323
12010
11443
11517
11806
11334
11602
11929
11549
11362
11862
11413
11352
11812
11335
11546
11661
11777
11476
11692
11567
11377
11456
11495
11410
11981
11586
11206
11724
11680
12478
11969
11385
11607
11636
11733
11309
11810
11503
11233
11555
11806
11506
11680
11517
11543
11842
11153
11295
11754
11350
11579
11873
11536
11373
11629
11730
11467
11715
11615
11434
11950
11470
11355
11637
11437
11605
12039
11610
11168
11736
11343
11714
12009
11379
11426
11849
11611
11899
11853
11678
11431
11794
11648
11569
11641
11305
11739
11969
11549
11370
11542
11241
11150
11170
11281
11633
11813
11584
11461
11506
11379
11026
11796
11656
11117
11644
11254
11225
11652
11226
11216
11587
11258
11431
11449
11085
11212
11663
11201
11525
11306
11615
11397
11655
11483
11209
11594
11565
11474
11711
11672
11031
11353
11014
11243
11237
11221
11510
11399
11355
11400
11700
11312
11525
11775
11592
11503
11711
11604
11196
11875
11918
11302
11425
11302
11273
11753
11456
11376
11812
11610
11315
11598
11220
11390
11593
11594
11144
11669
11370
11653
11431
11323
11249
11675
11629
11222
11748
11146
11427
11335
11512
11727
11430
11337
11225
12031
11712
11391
11875
11516
11362
11932
11347
11780
11607
11466
11595
11826
11679
11223
11786
11500
11536
11724
11475
11434
11630
11513
11294
12111
11507
11441
11901
11077
11667
11498
11746
11687
12013
11665
11562
11832
11849
11898
11447
