17891
14945
13945
12813
15534
14235
17075
13624
15808
13852
12455
11699
15052
13875
13092
11847
14357
13828
13176
12221
14924
13735
13372
12905
16108
13016
12843
12072
14916
13929
13026
11569
15497
13564
12904
12208
16615
13420
12813
12484
16727
16122
13909
11636
16253
14524
13700
12500
15207
14124
12917
11644
14178
13515
12820
9931
21701
20876
19623
18675
21000
17723
16296
15772
18207
15995
14768
13388
14972
13793
13048
11598
14150
13717
13194
11463
14754
13276
12562
11913
15130
13750
13277
12629
14865
13514
12987
12338
16594
13589
13779
14203
15140
13734
13326
12558
15242
13824
12627
11801
15654
13811
13081
12801
14374
13593
12930
12202
15623
13815
12664
12115
14547
13870
12869
11543
15292
13911
12990
12735
15153
13951
16190
14328
16617
16737
29941
26718
29070
25792
24363
23111
24434
23032
21069
20123
22147
20792
19143
17861
21260
17884
16176
14974
16806
15629
13388
11623
14931
13515
13618
14083
15712
14358
13653
13558
15843
13775
13863
13435
15997
14050
12875
13152
15010
13458
13911
12959
14742
14845
13514
11905
14644
14303
13573
12393
14833
13788
13963
13628
14402
13519
12260
11500
15062
14785
14680
13703
18038
17154
23965
22384
25751
22751
21526
20549
23647
20420
18361
16374
17826
14762
14021
13467
17318
14808
13376
11923
14341
13869
13050
11459
16597
14563
13485
12291
14725
14101
13276
15967
14044
15381
14408
16477
19949
16116
14865
14037
15587
14514
12597
11619
16429
13514
12546
13711
16727
14814
13764
15772
12828
14560
12766
11536
14845
13822
13331
12500
15743
13292
12309
12031
15658
13611
12816
12114
14633
13310
13262
12133
14706
14138
12671
11699
14775
13699
12747
11701
15324
12710
13144
14861
12405
11423
26107
12383
11929
27174
16441
13549
24907
22064
20776
19849
21328
20276
18497
16335
20036
16751
15095
14566
17982
14983
14892
13920
15724
14984
13984
12603
15247
13208
12735
11929
14928
14203
12723
11930
15926
13451
12004
15283
11172
13566
12732
13360
16882
13894
13271
12144
14935
13049
13385
16661
13031
13726
12283
11074
14850
13749
13544
13258
15618
13716
12858
11850
13679
14382
23106
14272
14721
26935
28286
25214
26749
23524
24496
21548
22700
21065
21888
19975
18220
18127
14477
18650
16115
17392
16396
14409
16444
14669
13814
16275
12016
13800
12428
11061
15693
15675
14420
16632
13178
13209
13915
12331
14368
14039
12942
11461
15286
13306
12396
11657
14604
14032
12973
14776
11575
13473
12234
10835
15016
13635
13097
12626
15370
13897
16335
14762
16449
14775
13472
14645
11576
12343
10962
14334
10392
13340
12786
14059
14787
14751
12890
11833
14396
13327
15947
12388
11065
13932
11849
11051
15344
14259
13050
12768
16401
13371
15033
12315
11347
14166
14696
13979
13511
14234
13985
11747
13761
12671
11879
11605
15669
13489
13833
14839
17174
15970
14604
13634
17560
16907
13832
11724
11124
13367
13375
11363
14609
13532
12582
16961
13298
14318
12763
11131
14482
13324
13415
12130
15917
14062
13618
12438
14864
14471
13399
12042
15594
14248
16304
13624
12729
14942
12132
11355
14527
13676
15393
14203
14015
13787
15820
16364
13694
13899
12070
13108
11966
13268
11845
11624
15553
14349
14437
11798
14941
13587
13071
12456
15355
14278
13001
11891
14795
14145
13235
11765
15045
13980
12884
11562
15363
14598
13192
15277
11814
14085
13025
11900
15132
13949
13215
12940
15302
13476
12962
15094
11739
13651
12533
11134
15048
15074
14616
17005
14073
16892
14247
11791
11379
12805
12994
14350
14814
14449
11425
14076
15215
10370
21597
19837
21494
19177
19971
14349
20829
14121
13463
14339
10308
21343
20969
18983
20056
18146
16790
19096
15616
16162
14022
12249
16417
17909
14556
13977
13255
13089
12618
11287
16269
15317
14064
16377
13227
13597
12208
11726
14968
14111
12701
15509
11759
13593
12381
11101
16406
13648
13800
13861
15692
14779
15823
13279
11429
14598
13839
13589
12068
13320
11814
10708
14120
13362
15775
12240
11558
14790
14090
11951
13589
14707
14260
12865
14569
12580
13150
11035
14538
14627
14098
15572
12097
14610
14537
11962
11216
14791
13923
12867
11347
13309
12620
15767
13470
13569
13293
12407
15207
13016
13681
13013
13659
14681
17729
15989
15113
13623
12803
13350
10383
15438
14703
13940
16328
16242
13964
12318
11464
12634
11721
11213
14709
13556
12574
15191
11494
15101
14835
13632
16173
14513
16341
13526
11437
14964
14389
16675
14326
12641
15434
15326
12732
13704
14546
17823
13197
16489
18091
13275
15783
13254
13049
12324
10287
20305
18189
15974
16341
12424
23766
23768
24465
23084
21126
20148
22841
19802
19150
17717
19274
18196
15530
13378
16660
14678
15826
18051
14466
15562
13730
14958
11473
14511
14753
12236
15787
13430
12463
11820
14316
14170
12569
15809
11645
13597
13435
11349
13566
14226
15370
14521
14177
13332
17056
15452
12554
14236
11009
12469
12513
10524
12685
13119
12458
13003
11011
12968
12563
11311
11045
11466
14392
14426
11749
20309
10369
13983
24184
22980
22563
19361
18313
20066
19397
14199
16716
16826
13402
15145
14067
13765
15119
11816
13583
11873
14383
13004
13404
11923
11546
12606
11813
12191
14502
14036
13551
16670
12552
14277
12821
12147
13925
15371
13512
13559
14936
11544
14525
12614
11750
14413
13517
13334
12236
11063
11389
10568
15491
17384
14661
13586
13206
16706
13001
15162
12062
14648
13924
13327
12262
13762
11048
11728
13557
13981
14446
15348
13344
12139
13644
12546
13138
10691
12648
10774
14519
14010
12453
11848
11542
26088
24505
22647
20635
19206
21979
23327
19092
18190
20802
17324
16072
17905
16777
17718
14103
13867
15117
14992
15860
12708
13739
13213
13066
16209
14028
11990
14899
13821
16251
13274
12755
16961
14947
15871
13668
12792
13783
12048
12664
11562
10434
11576
13219
13892
12157
11817
10809
10207
12604
11679
11347
13758
12305
12906
11893
11158
14621
12909
13906
12223
11684
13530
10637
11932
11042
15547
14698
16098
13355
13536
13064
13202
12372
15990
14762
14908
13621
14456
17828
16678
14511
13794
13702
14345
13573
11865
14414
13441
12814
14460
11499
14729
13501
13752
15786
13233
16121
12773
15772
14882
10722
13561
11763
10723
13293
14511
13486
13104
17264
15756
11649
13907
13448
11990
12410
13892
11019
12939
12522
11679
11747
13752
11411
12658
12141
11134
