16781
13499
15174
12202
15114
16330
18840
18897
19587
16026
15919
14714
17224
15841
14485
13333
14391
14363
13360
12901
15419
14100
12844
11709
14908
14868
15219
14014
14832
15592
12794
11244
15261
13422
13689
12551
16628
14278
13634
13451
15763
15009
13494
13170
15353
15601
13159
11161
14317
12859
12755
11415
14406
14039
15162
11579
17661
16906
15400
15360
17186
14680
15868
16285
19829
17506
16477
16144
17367
16511
14516
12325
15290
12619
11725
10977
15260
14963
13026
13963
17094
14241
13048
12271
15766
13615
11909
11642
14279
13373
10276
10446
14120
12956
13279
13031
15395
14289
13855
12650
15539
13321
12953
11506
14209
13709
12778
13101
14803
14022
12660
13450
15083
14884
12977
12609
14033
13613
13051
10404
16092
25881
25140
22898
26040
24411
23256
21948
24393
22248
21221
20091
23264
20007
18474
18024
18437
18107
16399
16312
17988
17207
15245
14064
16270
15495
13749
11329
14243
15608
15536
15271
17605
15566
15331
14348
16125
14525
13497
12391
15577
13244
13203
12577
14910
14206
12994
9781
15546
13391
12573
13953
17002
14072
12816
13107
15339
14866
15306
13999
15599
15666
13957
12803
15510
14729
13007
13357
14936
14028
14422
15039
17462
16682
14876
14581
17319
11579
11710
11299
15079
14584
13136
12352
14481
14164
14454
13071
15307
15087
13151
13602
15964
14831
13353
13177
15990
14338
14389
16015
16833
16053
14812
17776
12503
15029
13721
12590
14856
14107
12898
13274
15455
14703
14167
16932
11909
13327
11353
11907
14712
14157
12612
12463
15795
12861
11432
11154
15811
16488
14624
13722
16022
15241
12773
10867
14481
13887
13562
11904
14489
14424
14918
13460
16322
13903
13745
12870
14661
14319
13694
12627
11944
12487
13102
12289
11735
13129
13919
18502
13921
15189
25543
27624
14943
17503
15994
24142
20131
21755
20880
19447
21122
18546
16862
19221
14123
15822
14442
10468
10792
11199
13017
12666
11649
10713
12618
11195
13629
13241
11732
12065
15056
12686
16117
11859
11112
13144
12216
14978
13769
13519
12867
12583
15599
13750
13531
12048
15095
13920
12840
12329
15928
13079
12662
11404
13079
11897
26418
23974
24107
23350
23888
22327
21257
23079
19914
20907
20004
18653
17611
16886
18589
16443
15414
14310
17947
16219
15810
18243
13600
15364
13349
12218
15891
14483
15136
13652
15929
15132
14103
13646
16881
13901
13285
15618
11775
13429
14342
13514
12764
10922
12203
10690
14027
14137
16918
13474
12470
13563
12636
11339
14579
14830
14204
14611
18460
15152
13784
12478
14704
14990
13052
11929
14623
11603
12569
13519
14182
15145
12806
13875
15197
15907
14472
13467
14916
14710
12984
15863
12026
14411
12750
11944
14828
14612
15757
14603
16328
15569
16160
13538
12912
15901
13535
14273
13906
18484
14538
14379
16661
26297
25637
25597
27045
26214
24255
27776
22627
25359
25114
21661
20733
21093
19534
17343
19525
15964
15298
14092
18604
15375
13008
11650
14207
14019
14013
14069
16605
13727
14063
12377
15921
13597
9641
12889
14287
13798
12451
9576
9641
12143
15190
14970
13130
12649
12866
14264
12515
15525
14787
14815
12673
14358
14612
12623
12359
15522
14267
14682
11483
13944
11775
13047
11693
13951
12624
14491
14879
13862
13408
11847
10987
11008
11334
11218
14729
15918
13557
13577
12363
12460
11511
11644
15253
13892
12363
16036
12107
15724
13737
12526
14202
10768
11170
10717
13560
14393
14297
15695
12971
14430
13200
15279
11648
13713
16658
13993
12635
15318
14893
12727
11509
11286
11738
11538
12527
22248
21266
18822
23588
19674
20138
22588
18906
20450
17401
19052
18377
18030
15232
18728
13201
14797
16964
12801
12259
14839
14451
12337
15697
14322
13750
15549
18389
18628
16539
17871
10780
10221
13785
13759
14308
15877
15936
12759
14614
12798
14077
11632
14344
15382
14044
12430
11464
13363
11728
10862
15300
16909
13632
12460
11714
15394
14631
12364
11569
14883
12652
11030
11050
14305
14093
12451
13875
10181
13195
11995
14626
10857
12382
10912
13436
14460
17193
13892
12231
14854
13320
11705
14924
15870
14918
13789
17791
18062
15238
12339
14189
12469
15813
12914
11659
12987
13884
11339
10784
10163
13432
14571
13405
13705
17626
12275
16100
14270
14246
18201
17528
14599
15740
15378
16852
16126
17474
14752
13664
15387
13219
13602
16037
13987
13654
15971
13830
14091
14557
12897
16241
16330
14822
13896
13181
12173
10412
11460
12652
13358
14142
15642
12179
15904
14572
11490
12775
10854
14606
12987
14031
14052
14722
15033
12312
11151
15176
13480
12779
11966
14071
13573
13699
10569
13576
13565
14352
17125
15037
13705
13839
11592
11981
11820
14385
14338
13721
13805
13825
14582
12895
13129
15192
15321
14103
14845
16304
15119
16417
17839
14865
13861
15156
14004
14102
14421
13508
13709
19050
16146
18049
14788
12219
14093
14586
12318
13959
11257
13491
12076
11118
12916
13849
15784
13644
14718
14731
13803
12042
15035
15550
16063
16419
13153
11242
15944
15258
14376
12682
20609
18747
21581
19845
19228
17545
17345
16844
18975
14132
17637
18555
15306
25011
19582
18603
17549
21729
20295
19190
21649
17745
16585
18261
18875
16256
16437
14499
17059
12063
15801
15854
14916
17932
14501
17317
11106
10501
9984
10272
13830
15454
13677
14155
13181
16499
14405
14919
13595
12593
14384
14303
15171
12847
13285
19598
17103
17542
14957
13878
15098
15755
14883
14108
12867
13294
16923
14125
12643
11286
15130
15421
14829
13134
13646
16972
17484
15094
14250
15426
13185
13245
13723
13353
13765
13014
11336
11157
13363
13774
14055
13887
14683
16039
13893
15190
13692
16000
15149
12397
14743
14992
19647
14524
17415
11660
19680
10916
17293
15533
14651
17461
10272
10646
13192
13504
11666
14541
13971
12918
14266
14844
12725
14806
13469
15526
14821
14278
14185
13558
12013
15667
14411
14520
12862
12921
13131
12385
13273
13179
12277
12239
11413
12256
10759
11878
12508
11912
11561
11313
13251
11287
11750
11374
14964
13924
14375
16187
13131
14949
13670
15169
16019
14487
13294
13573
13072
12347
11421
11425
11860
21574
21502
18823
17025
19534
14661
18233
16188
15136
15498
14444
14369
13594
12822
13310
15221
14921
13847
13319
16209
16770
14800
14049
13344
12057
11525
13857
12723
11309
11847
12413
13167
12994
12119
12960
10923
12374
13116
11202
12098
10211
11661
