16610
13843
11298
11506
11718
11258
11405
11509
11498
11487
11610
11317
11610
11566
11175
11522
11423
11050
11316
11330
11138
11270
11556
11235
11405
11361
11168
11245
11349
11140
11272
11358
11097
11177
11211
11050
11455
11425
11159
11352
11284
10823
11595
11662
11534
11615
11613
11231
11300
11753
11363
11472
11777
11345
11487
11596
11565
11409
11492
11367
11586
11608
11285
11854
11653
11463
11587
11570
12247
11634
11631
11251
11317
11448
10974
11129
11447
11346
11370
11505
11144
11314
11258
10996
11848
11789
11520
11727
11567
11169
11421
11768
11473
11643
11707
11312
11691
11924
11672
11842
11876
11518
11606
11643
11650
11672
11743
11511
11709
11624
11246
11859
11881
11508
11641
11748
11507
11454
11830
11442
11792
11729
11456
11509
11648
11587
11877
11748
11634
11607
11679
11419
11870
11820
11591
11771
11775
11499
11657
11702
11316
11463
11528
11197
11257
11293
11239
11395
11596
11199
11289
11413
11130
11417
11562
11295
11483
11428
11130
11725
11844
11271
11548
11551
11393
11444
11674
11336
11567
11469
11243
11371
11407
11346
11482
11563
11310
11272
11376
11062
11671
11654
11472
11545
11471
11114
11192
11929
11683
11858
11782
11491
11569
11720
11613
11808
11896
11542
11647
11751
11566
12567
12682
11674
11562
11858
11607
11520
11908
11762
11772
11800
11515
11460
11654
11653
11579
11475
11274
11216
11388
11450
11599
11418
11206
11278
11347
11094
11427
11530
11304
11244
11315
10921
10862
11708
11467
11430
11487
11333
11250
11284
11380
11310
11605
11408
11363
11374
11125
11409
11324
11324
11228
11408
11097
11063
11675
11301
11233
11374
11309
11276
11378
11455
11441
11584
11410
11465
11520
11236
11787
11843
11391
11431
11425
11268
11548
11606
11434
11285
11394
11153
10932
11577
11391
11280
11394
11177
11237
11134
11250
11421
11480
11259
11511
11374
11111
11618
11595
11393
11460
11694
11348
11517
11712
11375
11379
11543
11474
11376
11431
11282
11404
11612
11389
11452
11457
11078
11516
11460
11359
11462
11452
11151
11334
11774
11552
11423
11663
11309
11378
11430
11663
11520
11699
11401
11459
11528
11321
11633
11538
11303
11438
11412
11427
11898
11767
11661
11562
11732
11462
11327
11689
11485
11521
11560
11190
11133
11386
11340
11455
11424
11144
11184
11372
11273
11779
11822
11598
11619
11690
11443
11559
11640
11399
11483
11461
11089
11135
11356
11355
11361
11399
11203
11139
11257
11130
11536
11849
11647
11645
11665
11503
11509
11509
11409
11344
11509
11182
11157
11845
11467
11402
11619
11430
11403
11435
11610
11623
11933
11657
11650
11616
11424
11650
11706
11505
11541
11504
11367
11445
12020
11769
11592
11825
11599
11478
11680
11573
11489
11661
11378
11297
11291
10971
11590
11581
11318
11519
11547
11258
11279
11556
11367
11389
11616
11275
11373
11398
11335
11290
11659
11462
11289
11450
11257
11167
11477
11126
11270
11375
11075
11500
11473
11281
11268
11248
11044
11257
11510
11317
11114
11676
10961
10920
11168
11391
11197
11436
11054
11025
11169
11302
11625
11701
11458
11640
11590
11404
11355
11478
11392
11369
11589
11304
11171
11333
11517
11422
11589
11297
11214
11490
11198
11597
11504
11306
11376
11514
11414
11459
11772
11467
11555
11609
11363
11512
11546
11627
11760
11593
11236
11198
11451
11564
11487
11825
11407
11548
11571
11498
11501
11706
11494
11528
11522
11389
11448
11871
11698
11526
11727
11413
11446
11693
11460
11525
11578
11332
11294
11460
11190
11565
11715
11516
11526
11450
11194
11356
11633
11487
11426
11444
11337
11399
11360
11436
11263
11623
11330
11206
11429
11136
11545
11731
11473
11535
11504
11298
11516
11767
11507
11715
11639
11455
11505
11448
11353
11289
11518
11178
11398
11377
11445
11384
11674
11540
11335
11496
11266
11407
11604
11364
11437
11576
11176
11408
11594
11416
11575
11445
11229
11503
11481
11708
11626
11749
11418
11438
11477
11474
11429
11629
11328
11375
11428
11197
11389
11630
11402
11598
11501
11377
11494
11514
11458
11466
11598
11372
11199
11458
11192
11714
11740
11390
11374
11610
11285
11383
11372
11139
11035
11216
11138
11246
11614
11413
11455
11501
11327
11466
11520
11562
11625
11624
11223
11316
11441
11190
11201
11409
11129
11008
11214
11037
10879
11757
11534
11587
11532
11312
11312
11342
11319
11319
11509
11152
11135
11345
10925
11367
11529
11341
11287
11459
11241
11145
11675
11505
11503
11583
11339
11468
11553
11456
11413
11503
11327
11459
11561
11459
11323
11458
11254
11084
11339
11180
11453
11518
11352
11404
11443
11088
11315
11608
11331
11515
11512
11226
11207
11184
11542
11499
11733
11444
11569
11536
11191
11161
11474
11314
11222
11342
11074
11178
11993
11701
11719
11803
11385
11577
11532
11792
11807
11756
11486
11632
11706
11450
11416
11759
11395
11328
11556
11421
11612
11862
11531
11534
11705
11426
11615
11623
11347
11471
11478
11398
11370
11388
11723
11584
11773
11599
11386
11663
11519
11792
11934
11548
11477
11662
11400
11537
11404
11184
11221
11376
11326
11275
11281
11668
11669
11818
11568
11644
11704
11555
11652
11645
11326
11279
11610
11227
11256
11480
11337
11206
11293
11226
11078
11393
11675
11712
11675
11525
11554
11529
11385
11367
11622
11218
11212
11416
11056
11340
11470
11290
11266
11346
11161
11196
11981
11783
11743
11765
11469
11661
11769
11600
11541
11508
11442
11483
11543
11290
11551
11770
11558
11386
11630
11329
11253
11868
11596
11538
11376
11273
11312
11413
11292
11490
11383
11209
11249
11186
11075
11246
11432
11067
11324
11198
10871
10910
11707
11560
11319
11428
11250
11247
11685
11409
11491
11638
11287
11422
11436
11341
11403
11291
11081
11373
11341
11145
13083
11683
11357
11246
11363
11449
11263
11638
11257
11228
11392
11047
11300
11347
11427
11579
11599
11356
11363
11270
11245
11445
11642
11435
11341
11423
11222
11219
11564
11402
11339
11541
11233
11298
11217
11373
11455
11660
11483
11546
11481
11260
11592
11587
11357
11605
11574
11329
11781
11765
11368
11292
11629
11381
11339
11722
11493
11689
11683
11577
11464
11699
11728
11753
11801
11693
11640
11682
11500
11435
11694
11349
11330
11650
11256
11244
11775
11515
11504
11560
11371
11348
11560
11538
11592
11435
11237
11481
11455
11352
11598
11501
11387
11437
11525
11198
11103
