15182
12429
10160
10307
9964
10510
10701
10546
10319
10549
10511
10198
10487
10356
10034
10277
10475
10121
10748
10479
10488
10763
10300
10361
10622
10162
10252
10532
10182
10471
10645
10441
10316
10352
10604
10300
10548
10681
10500
10540
10369
10122
10316
10352
10426
10496
10236
9968
10727
10349
10299
10405
10113
10731
10745
10375
10136
10336
10096
10175
10499
10605
10229
10441
10575
10343
10495
10572
10485
10671
10204
10269
10793
10417
10353
10566
10213
10281
10518
10204
10159
10426
10168
10205
10454
10319
10398
10687
10620
10460
10562
10211
10276
10384
10392
10462
10641
10566
10303
10985
10563
10451
10905
10658
10399
10930
10479
10455
10564
10346
10424
10502
10403
10455
10591
10617
10365
10494
10819
10557
10733
10339
10224
10393
10545
10415
10886
10599
10441
10961
10501
10367
10811
10598
10536
10590
10438
10622
10799
10418
10428
10552
10097
10611
11109
10295
10309
10400
10558
10534
10567
10538
10374
10648
10365
10109
10589
10431
10106
10872
10554
10374
10489
10386
10575
10704
10319
10733
10781
10346
10331
10589
10537
10433
10643
10751
10527
10694
10445
10148
10881
10661
10541
10735
10409
10169
10582
10292
10717
10838
10572
10621
10830
10548
10534
10657
10241
10840
10758
10508
10357
10588
10841
10500
10705
10628
10324
10765
10548
10257
10706
10440
10292
10774
10336
10804
10602
10221
10287
10339
10033
10402
10427
10036
10115
10371
10227
10016
10311
10612
10294
10535
10202
10087
10689
10293
10320
10500
10130
10054
10609
10396
10414
10535
10251
10274
10440
10210
10016
10281
9865
10150
10376
10633
10411
10505
10331
10074
10142
10409
10227
10665
10427
10225
10674
10263
10168
10569
10276
10670
10727
10328
10404
10648
10225
10376
10672
10460
10536
10649
10478
10231
10470
10165
10249
10384
10188
10190
10724
10401
10307
10741
10378
10411
10556
10161
10438
10719
10372
10241
10638
10345
10383
10621
10365
10450
10552
10564
10399
10531
10495
10549
10723
10623
10522
10866
10402
10321
10860
10549
10502
10963
10651
10651
10798
10664
10562
10617
10434
10433
10511
10165
10407
10514
10742
10504
10755
10626
10589
10691
10522
10623
10882
10512
10442
10760
10495
10218
10627
10415
10543
10765
10560
10626
10793
10683
10456
10522
10201
10517
10515
10552
10478
10678
10368
10332
10456
10537
10367
10674
10457
10108
10875
10693
10367
10917
10582
10684
10745
10459
10782
10815
10404
10462
10499
10283
10630
10796
10436
10307
10641
10516
10165
10421
10321
10163
10731
10472
10302
10916
10678
10429
10618
10412
10465
10611
10315
10744
10851
10520
10353
10541
10183
10448
10649
10712
10534
10804
10701
10505
10745
10558
10372
10964
10724
10412
10676
10369
10290
10752
10230
10805
10614
10195
10289
10368
9956
10391
10358
9965
10065
10317
10279
10059
10304
10598
10384
10497
10511
10265
10746
10498
10399
10608
10122
10228
10472
10167
9934
10586
10274
10194
10357
10153
10389
10535
10222
10346
10557
10396
10187
10373
10588
10222
10432
10435
10378
10544
10320
10008
10492
10191
10079
10699
10472
10415
10569
10094
10406
10679
10343
10109
10447
10284
10178
10416
10576
10342
10557
10452
10323
10419
10372
10344
10511
10189
10036
10642
10263
10306
10675
10249
10027
10543
10350
10413
10726
10503
10503
10821
10338
10496
10519
10184
10286
10457
10545
10506
10685
10882
10585
10788
10345
10269
10719
10535
10235
10965
10562
10369
10648
10375
10656
10765
10687
10605
10666
10546
10593
10715
10782
10693
10759
10371
10217
10469
10549
10438
10887
10495
10399
10751
10332
10203
10812
10691
10445
10781
10621
10418
10586
10187
10381
10509
10168
10382
10436
10384
10250
10465
10355
10412
10433
10344
10135
10773
10517
10276
10699
10586
10177
10606
10337
10083
10602
10481
10575
10717
10253
10704
10715
10423
10296
10605
10495
10419
10539
10813
10572
10661
10656
10410
10856
10648
10327
10893
10674
10402
10701
10375
10334
10774
10557
10371
10596
10201
10734
10801
10483
10757
10800
10928
10586
10845
10598
10311
10570
10626
10305
11020
10761
10479
10969
10722
10620
11007
10569
10588
10436
9944
10446
10608
10210
10557
10603
10226
10231
10462
10320
10051
10295
10489
10209
10476
10481
10397
10733
10271
10338
10498
10147
10150
10379
10207
9980
10669
10275
10222
10475
10234
10266
10545
10080
10045
10322
10409
10255
10350
10588
10359
10457
10285
10130
10775
10429
10197
10666
10300
10142
10707
10403
10316
10673
10214
10463
10642
10234
10228
10571
10398
10438
10529
10344
12609
11949
10789
10309
10450
10474
10590
10288
10234
10343
10727
10536
10715
10968
10555
10414
10634
10194
10744
10733
10352
10743
10553
10047
10296
10308
10217
10340
10436
10380
10566
10553
10591
10668
10590
10280
10332
10797
10364
10575
10854
10505
10538
10550
10191
10742
10851
10512
10571
10574
10232
10476
10510
10591
10669
10596
10635
10869
10673
10337
10492
10399
10374
10462
10682
10243
10296
10819
10454
10769
10698
10370
10791
10835
10443
10805
10824
10453
10628
10501
10536
10544
10579
10474
10627
10443
10734
10538
10615
10510
10544
10653
10242
10445
10670
10199
10238
10772
10527
10580
10640
10270
10862
10718
10453
10837
10745
10689
10715
10743
10347
10471
10504
10330
10403
10410
10406
10474
10948
10557
10606
10618
10325
10224
10742
10421
10785
10675
10404
10874
10780
10386
10894
10767
10679
10710
10769
10571
10757
10666
10375
10412
10475
10533
10482
10759
10427
10444
10972
10616
10740
10599
10322
10529
10436
10248
10546
10454
10154
10246
10352
10381
10601
10621
10227
10351
10276
10071
10166
10189
10219
10327
10701
10222
10315
10514
10152
10217
10556
10190
10629
10688
10223
10408
10362
10038
10501
10574
10497
10541
10569
10458
10451
10407
10286
10454
10499
10491
10648
10508
10078
10291
10448
10286
10395
10717
10462
10457
10510
9935
10331
10494
10079
10495
10540
10148
10217
10358
10162
10441
10429
10598
10707
10504
10455
10570
10624
10437
10586
10771
10522
10281
10456
9963
10429
10609
10149
10863
10761
10194
10391
10422
10624
10614
10671
10611
10749
10753
10564
10618
10562
10598
10542
10650
10281
10509
10925
10516
10569
10619
10271
10863
10823
10558
10869
10765
10455
10706
10841
10458
10587
10524
10515
10558
10458
10389
10577
10536
10517
10694
10819
10363
10478
10586
10214
10278
10830
