15252
12327
11501
10398
10536
10757
10562
10550
11842
10681
10384
10553
11868
10330
10476
10671
10185
10548
10456
10201
10537
10690
10383
10405
10426
10217
10359
10387
10267
10746
10753
10618
10683
10644
10394
10506
10681
10385
10689
10682
10240
10415
10580
10249
10431
10576
10381
10423
10577
10209
10395
10548
10497
10649
10631
10498
10775
10747
10540
10726
10821
10636
10814
10771
10333
10470
10656
10346
10632
10775
10384
10556
10587
10314
10539
10566
10516
10593
10591
10415
10518
10501
10205
10444
10849
10560
10683
10866
10490
10547
10638
10420
10714
10834
10582
10605
10855
10531
10672
10789
10531
10717
10691
10458
10697
10836
10491
10627
10665
10352
10475
10723
10590
10783
10736
10420
10476
10658
10333
10701
10652
10354
10469
10629
10414
10598
10524
10332
10534
10555
10371
10546
10540
10341
10276
10482
10148
10350
10445
10641
10728
10937
10534
10742
10781
10652
10608
10783
10584
10798
10749
10611
10697
10741
10487
10744
10700
10408
10590
10817
10315
10672
10652
10330
10624
10663
10454
10805
10876
10693
10670
10829
10653
10847
10876
10708
10701
10787
10422
10639
10766
10471
10769
10830
10377
10554
10678
10372
10610
10750
10467
10553
10672
10382
10688
10800
10614
10819
10803
10580
10816
10790
10576
10778
10767
10558
10743
10739
10397
10559
10674
10386
10523
10683
10376
10569
10381
10036
10334
10354
10173
10358
10740
10609
10647
10710
10328
10631
10710
10422
10551
10658
10351
10488
10524
10252
10592
10624
10385
10427
10549
10185
10325
10458
10370
10555
10567
10236
10360
10522
10216
10318
10520
10219
10325
10494
10218
10451
10361
10063
10264
10468
10124
10481
10404
10076
10217
10400
10302
10517
10461
10275
10270
10289
10212
10232
10378
10536
10506
10691
10235
10378
10519
10189
10446
10588
10232
10445
10455
10269
10244
10387
10407
10548
10505
10323
10344
10357
10151
10339
10451
10143
10241
10405
10211
10529
10521
10214
10549
10628
10455
10470
10712
10483
10490
10662
10434
10599
10548
10398
10515
10589
10258
10420
10456
10189
10435
10491
10231
10415
10525
10155
10788
10897
10688
10756
10911
10594
10735
10880
10604
10801
10855
10628
10823
10851
10675
10806
10812
10588
10694
10717
10455
10594
10700
10408
10471
10657
10326
10634
10680
10378
10611
10688
10507
10722
10640
10460
10634
10628
10272
10597
10641
10319
10481
10653
10389
10379
10495
10232
10502
10587
10288
10393
10434
10148
10292
10726
10517
10721
10680
10408
10627
10617
10424
10555
10613
10312
10465
10581
10310
10518
10493
10209
10655
10606
10231
10585
10623
10211
10435
10552
10303
10488
10709
10559
10715
10721
10468
10672
10684
10598
10588
10674
10336
10511
10582
10272
10431
10592
10274
10466
10293
10103
10144
10271
10087
10267
10276
10107
10119
10183
10471
10635
10796
10411
10581
10752
10246
10575
10572
10292
10689
10667
10497
10619
10524
10367
10413
10591
10373
10545
10546
10359
10390
10428
10091
10323
10461
10187
10665
10679
10326
10476
10538
10321
10496
10623
10428
10613
10549
10256
10433
10544
10432
10649
10614
10445
10452
10459
10311
10428
10554
10419
10522
10528
10073
10629
10684
10449
10738
10898
10510
10751
10724
10442
10582
10769
10536
10748
10673
10546
10518
10559
10260
10532
10630
10373
10480
10678
10336
10424
10451
10159
10580
10698
10398
10461
10700
10400
10559
10678
10493
10629
10627
10309
10573
10637
10413
10420
10555
10216
10389
10525
10309
10498
10519
10216
10259
10419
10112
10447
10779
10405
10533
10713
10504
10662
10606
10396
10580
10619
10372
10589
10596
10366
10357
10535
10237
10398
10458
10224
10320
10503
10106
10289
10359
10233
10162
10330
10710
10915
10913
10729
10842
10832
10677
10802
10862
10524
10707
10862
10431
10785
10738
10465
10749
10827
10520
10657
10728
10480
10514
10714
10533
10673
10661
10764
10827
10860
10565
10676
10917
10574
10892
10865
10454
10637
10749
10476
10646
10808
10594
10713
10846
10447
10639
10767
10570
10745
10779
10540
10647
10777
10561
10958
10994
10798
10936
10964
10618
10760
10960
10608
10816
11033
10607
10757
10618
10211
10575
10570
10376
10611
10589
10356
10475
10509
10197
10477
10489
10207
10595
10776
10437
10531
10599
10409
10663
10693
10497
10506
10632
10262
10435
10576
10428
10650
10602
10301
10507
10493
10305
10293
10515
10223
10382
10491
10218
10355
10609
10316
10517
10656
10332
10648
10706
10284
10419
10604
10514
10649
10626
10501
10564
10582
10265
10578
10564
10403
10422
10578
10126
10268
10424
10146
10313
10837
10524
10698
10707
10541
10518
10676
10616
10772
10750
10562
10576
10624
10388
10638
10690
10393
10525
10655
10199
10509
10538
10196
10587
10628
10391
10461
10680
10835
10866
11033
10765
10882
10854
10717
10841
10856
10537
10766
10797
10503
10807
10810
10506
10716
10754
10488
10609
10728
10475
10580
10714
10403
10533
10669
10428
10919
10909
10739
10913
10909
10737
10868
10805
10617
10777
10791
10530
10671
10835
10514
10683
10762
10443
10604
10699
10362
10622
10650
10507
10677
10545
10617
10723
10674
10737
10776
10450
10780
10706
10699
10640
10574
10412
10684
10706
10382
10741
10531
10281
10610
10450
10465
10597
10599
10504
10587
10471
10428
10564
10409
10584
10700
10507
10362
10560
10569
10242
10575
10431
10362
10552
10597
10273
10595
10411
10445
10558
10580
10386
10550
10518
10388
10499
10475
10256
10571
10384
10485
10726
10606
10545
10716
10548
10405
10702
10554
10192
10410
10283
10079
10440
10374
10261
10468
10280
10122
10232
10264
10242
10302
10131
10256
10192
10174
9891
10724
10704
10537
10764
10631
10358
10647
10499
10315
10727
10680
10643
10658
10479
10458
10484
10453
10387
10568
10585
10370
10413
10317
10131
10468
10391
10220
10825
10617
10457
10739
10567
10702
11141
10822
10645
10810
10633
10572
10610
10632
10586
10773
10706
10421
10593
10393
10230
10545
10479
10387
10650
10483
10343
10578
10435
10405
10580
10550
10441
10543
10389
10332
10484
10443
10264
10574
10361
10338
10394
10206
9997
10382
10417
10109
10370
10229
10219
10504
10309
10401
10435
10796
10712
10890
10838
10737
10784
10646
10594
10756
10526
10503
10699
10720
10432
10747
10481
10426
10609
10596
10355
10751
10522
10531
10554
10541
10377
10504
10564
10829
10954
10941
10632
10904
10790
10623
