14647
11369
10024
10335
10057
10351
10322
9952
10156
10077
9875
10075
10078
10060
10371
10350
10098
10229
10156
9994
10207
10065
10080
10104
10012
10089
10289
10079
10182
10245
10171
9956
10103
9892
9843
9973
10193
10038
10261
10215
10009
10191
10051
10014
10111
10043
10005
10156
10007
9918
9950
9783
9816
10042
9915
9646
9870
10158
10008
10307
10337
10031
10347
10227
10027
10094
10025
9905
10441
10396
10300
10314
10096
9903
10124
9980
9932
10196
10113
10222
10185
9973
9847
10058
9998
10034
10101
10094
9689
9968
9997
9975
10158
9992
9968
10095
10085
9966
10081
9866
10218
10275
10138
9938
10240
10249
9932
10163
9959
9807
10110
10401
10210
10411
10366
10220
10289
10329
10180
10245
10059
9876
10488
10343
10156
10356
10233
10052
10397
10248
9982
10320
10051
9945
10210
10191
10148
10169
10113
9974
10053
10061
9858
10014
10462
10278
10356
10308
10112
10313
10295
9947
10179
10080
9888
10176
10082
10090
10146
10135
9916
10025
9967
9896
10080
10239
10179
10302
10185
9926
10128
10013
10071
10153
9975
9758
10405
10334
10052
10346
10215
10082
10279
10362
10101
10209
10129
10160
10217
10180
10052
10191
10162
10014
10077
9959
9782
10058
10394
10182
10462
10316
10145
10494
10437
10054
10414
10354
10230
10428
10306
10197
10377
10244
10163
10170
9779
9578
9819
10114
10125
10298
10318
10096
10142
9977
9838
10104
10029
9990
10396
10282
9923
10157
10171
9974
10201
10071
10026
10083
10007
9936
10044
9928
10013
10111
9921
9688
9909
9818
9562
9916
10094
9961
10192
10113
9721
10010
10005
9858
10028
9998
10138
10276
10045
9874
10114
9936
9896
10172
10001
9816
9983
10117
9919
10200
10139
10059
10273
10225
9946
9995
9991
9852
10443
10419
10274
10338
10143
10152
10129
10107
10014
10153
10172
10030
10241
10077
9889
10109
10124
10118
10177
10130
9923
9971
10296
10170
10411
10218
10234
10337
10363
10152
10352
10162
10432
10487
10287
10130
10419
10296
10107
10369
10181
9969
10292
10434
10408
10478
10420
10273
10351
10323
10176
10358
10302
10116
10561
10369
10116
10371
10262
10078
10330
10180
10026
10263
10172
10171
10430
10389
10402
10417
10352
10226
10323
10228
10170
10191
10065
9872
10120
9920
9844
10090
10037
9915
10031
9858
10174
10425
10300
10352
10391
10376
10009
10255
10245
10215
10327
10195
10188
10222
10094
10032
10152
9914
9958
10041
9860
9701
10457
10410
10120
10337
10294
10053
10317
10272
9983
10190
10159
10082
10233
10230
10106
10131
9971
9813
10058
9999
9801
10019
10203
10007
10292
10099
9941
10249
10106
9963
10225
10092
9973
10276
10294
10111
10236
10162
10024
10179
9709
9691
9713
10307
10038
10362
10276
9958
10131
9975
9789
10133
10084
10048
10110
10103
9886
9924
9938
9759
9951
9739
9842
9827
10588
9821
10100
10059
10070
10091
10012
9730
9966
9765
9550
9801
10445
9855
10010
10004
9865
9861
9834
9690
9902
9878
9694
10344
10286
10127
10206
10032
9989
10289
10119
9893
10060
10162
10006
10330
10360
10019
10403
10261
10045
10101
10082
9956
10526
10385
10264
10333
10152
9974
10142
10097
9989
11013
10152
10330
10369
10122
10006
10252
10168
10213
10260
10214
9774
10066
10046
9888
10148
10052
9936
10142
10141
9974
10121
9934
9878
10224
10098
9934
10262
10126
9852
10093
9880
9702
10041
10332
10123
10369
10298
10238
10216
10193
10084
10132
10082
9844
10251
10199
9915
10196
9980
9858
10166
9948
9795
10007
9873
10261
10437
10460
10435
10444
10380
10230
10316
10294
10130
10256
10296
10297
10362
10373
10132
10337
10290
9991
10232
10093
9910
10407
10343
10368
10401
10386
10274
10247
10260
10121
10269
10260
10223
10315
10219
9908
10243
10084
10075
10149
10053
9843
10437
10324
10147
10328
10295
10081
10335
10333
10123
10219
10163
10268
10412
10354
10210
10330
10321
10138
10194
10087
9958
10159
10278
10077
10329
10148
10046
10368
10323
9959
10257
10171
10111
10565
10525
10396
10561
10421
10287
10355
9898
9713
9984
9944
9856
10083
10030
9865
9876
9761
9570
9796
9739
9719
10227
10207
9861
10103
10013
9871
10087
9910
9940
10055
9900
9930
10022
9835
10045
10010
9861
9707
9893
9858
9557
9856
10181
10035
10357
10256
9904
10166
10138
9939
10130
10134
9961
10132
9980
9723
9993
9932
9782
10026
9868
9698
9829
10199
9986
10293
10300
10047
10349
10249
10025
10186
10127
9943
10465
10364
10270
10427
10086
10062
10174
10078
9930
10242
10134
9912
10097
9835
9700
9936
9938
9897
10048
9948
9756
9792
10028
9889
10149
10046
10001
10122
10099
9889
10089
9919
9935
10351
10217
9972
10284
10078
9935
10146
10045
9794
10026
10506
10457
10494
10483
10304
10373
10335
10190
10357
10348
10177
10335
10193
9952
10266
10132
9940
10174
9996
9818
10091
10061
9903
10294
10203
10164
10162
10139
10038
10077
9976
9856
9995
10310
10127
10330
10258
10084
10330
10324
10124
10275
10107
9919
10170
10052
10050
10112
10174
9734
10027
10011
9858
9982
10278
10173
10315
10208
10056
10202
10020
10126
10173
9961
9789
10507
10371
10180
10399
10320
10106
10355
10298
9950
10218
10230
10160
10298
10258
10173
10213
10068
9921
10175
10073
9872
10147
10392
10265
10497
10315
10181
10416
10335
10093
10427
10303
10251
10505
10481
10296
10423
10357
10250
10320
9895
9961
10013
10094
9803
10071
10017
9716
9890
9780
9652
9761
9785
9729
10348
10356
10162
10176
10180
10061
10251
10041
10038
10119
10058
9813
10062
9883
10052
10052
9869
9696
9869
9742
9533
9785
10138
9899
10173
10099
9973
9947
9983
9793
10021
9931
9817
10322
10235
10185
10199
10031
10074
10311
10114
9969
10122
9884
9889
10123
10200
9899
10220
10155
9882
9930
10002
9776
10311
10166
10142
10149
9910
9756
9942
9870
9744
9985
9948
10109
10076
9898
9791
10019
10021
10018
10039
10007
9603
9824
10283
10147
10364
10195
10213
10349
10371
10233
10336
10119
10182
10296
10069
9919
10172
10156
9855
10087
9905
9716
9961
9969
10319
10498
10432
10304
10396
10350
10265
10288
10880
10037
10501
10370
10133
10496
10308
10115
10434
10153
10011
10287
10076
9962
10283
10221
