16921
11423
15428
14096
12686
16829
16505
14949
18042
14465
13602
12578
14325
13802
12952
13071
15354
13622
12549
12571
16124
14320
12314
11645
14919
13195
12340
12598
15439
13723
12768
12691
16387
13491
13030
12473
15264
13865
13855
12828
14080
14105
11825
9924
14661
13035
12938
11801
13984
13528
11681
11327
13719
13175
12184
11248
15949
15253
13320
10736
19036
17987
17085
16602
17404
16026
15002
13088
13532
12878
11447
9765
14531
13308
12473
13292
16789
13409
12596
11613
14919
13821
13503
12525
15337
13324
13262
11730
16203
14648
13371
12862
16857
12898
12593
11327
14134
13971
13534
14298
17441
16262
14684
13654
17003
15571
14287
12374
14537
13963
13010
11954
14635
14497
13090
12265
16480
13748
13155
12554
15419
14387
13526
12481
15173
14398
16720
28862
30074
28825
27520
28032
30314
27649
26218
24949
27106
24464
22982
22309
23481
21925
20569
19143
21374
19139
17834
16404
17955
16400
15070
13640
15570
14275
13305
11783
14748
13570
13199
12945
14706
13581
14051
13027
15311
14132
12988
11901
13768
13047
12195
11522
14442
13044
13365
15956
17076
16594
15009
10039
14772
23278
20860
19532
21209
20548
19167
16930
19416
17588
16156
14677
16354
15356
11170
10959
14554
13680
12537
12431
15551
14371
13368
13452
14875
13701
13472
12743
14492
14603
13199
11970
15380
15435
13315
12169
14552
16087
14882
16816
16980
14485
16542
17101
15113
16490
14679
13730
15990
14558
12920
16211
12568
13862
12506
15852
12578
13285
12670
11891
16619
14479
13179
12482
15785
14055
12598
12722
15668
13680
12893
12149
14913
15488
13679
13327
12540
15024
12416
11357
14879
14263
13378
14975
11734
14519
14445
12915
16209
12956
11879
11436
14511
13671
13062
13935
14212
12076
13059
16271
14984
14267
16271
12468
14483
13591
12076
12401
15917
14459
12994
15504
13180
14156
14181
13768
16636
16323
10946
10356
13884
12654
14608
14290
12326
15938
14905
14219
13272
14493
13419
12037
15486
13591
12920
12849
14956
13614
12853
11650
14574
13633
13299
16294
14153
14369
13770
14400
16562
15485
17289
13535
12143
13660
12072
11280
14765
13611
13010
12827
15135
15119
15048
18267
18250
17299
13975
12652
18020
11444
19160
16440
14856
15583
16831
17499
15261
15414
15191
18232
17258
14385
13508
12561
15813
13548
12729
12666
14960
13832
13455
13000
15046
14069
10762
10911
15022
13570
13075
11939
15582
13614
15953
13555
12022
12471
12741
11708
13975
15288
15304
17639
13836
14551
14359
15683
16578
13327
13917
12839
12475
13282
11480
14250
13354
10857
11214
12982
11707
11429
12247
10787
15687
13761
14381
14587
15258
14082
12917
12061
15596
13619
13613
15593
12303
13471
14004
12495
17098
14731
13429
13513
16125
15525
16090
13197
12353
16343
14962
15788
18912
16798
14711
10446
16938
15504
16579
15650
13736
15570
12975
16542
12356
13868
12536
11987
15654
14047
12951
12746
14863
14107
13474
15884
12028
14501
14332
12976
11369
14990
14849
14859
12420
12784
14435
12604
14078
12542
13536
11135
10334
15042
14241
14110
13561
16781
14138
12808
14828
14058
15638
13978
13712
12532
13797
12137
15394
14506
13206
15488
14533
14165
13263
12707
12742
14071
14437
12930
11987
12304
11056
12525
11485
10992
11945
10370
12214
15288
13553
13721
15343
18037
18502
14721
16358
13562
12337
13722
14754
13162
16090
13607
12325
13634
12556
14868
11215
13879
12613
11921
14873
13617
13452
16217
15531
12077
14285
13132
11973
15558
13798
12823
14223
15759
14364
13918
12338
11380
14468
13833
12453
11978
14711
16445
17238
15784
14847
14031
17041
14901
14432
12500
10999
12756
20479
12712
11622
22068
20034
14970
15487
13938
12963
12188
13815
13716
14946
12991
12936
11864
13804
11562
14882
14658
13955
13071
12688
14392
14403
13943
12552
16134
13466
12487
13158
13924
11987
11372
10519
10505
12885
11247
11218
11963
13547
13477
13915
14000
11973
12387
11178
11185
12333
13566
11650
11829
10578
11360
14236
13305
12972
13360
15648
14644
14500
16405
13107
13506
12916
11995
15345
15343
13861
12817
11966
15120
13638
13165
12569
15420
15529
13053
11656
19162
19550
12325
17521
17934
15039
15231
16454
17352
12513
11388
25580
25963
25845
26284
23389
23019
21968
20435
21660
20253
18902
21632
17218
20162
17593
18817
10652
10628
12191
12075
11297
14052
12940
14008
13461
12891
13056
12433
10855
12889
11837
11857
11229
15802
14364
15717
13163
13576
12062
12778
15059
13931
13177
12506
14541
14690
12949
12163
14899
14374
12977
11837
15229
14049
14107
14480
16939
17055
15547
14623
10965
11101
10465
12578
11552
13427
11451
13609
11826
14102
12730
13012
13640
12833
11502
13931
14789
13154
11777
11074
13176
13931
14670
15062
15451
13667
13525
12500
15959
13915
16502
12484
11768
15460
14559
13065
12833
15673
14320
13235
14147
13144
11964
11639
11674
13419
14221
14555
14559
13557
16251
16105
13260
12416
11521
14981
14786
13116
12853
12877
15003
15217
15221
13980
16565
14455
12492
13858
14575
12457
12042
10929
12067
11455
11373
13510
9731
12905
13385
13831
11423
12518
11513
11721
10823
14716
14227
12820
12469
15992
14715
14800
13510
13279
13919
13097
10867
11981
13317
12370
12323
11215
13033
11197
11234
10286
10581
9992
11399
12308
11559
12158
11408
12416
12997
13800
11529
11962
10881
11602
15647
14216
13475
16705
13488
14205
12854
12704
14895
13981
13429
17865
13527
14621
13397
14240
14353
13061
12214
15965
15177
13897
13896
17065
16347
16027
13790
12485
14274
14990
15615
16667
14866
15389
13034
19185
19849
19505
12113
14107
21391
18923
20656
15178
19767
19826
17817
18180
16693
13062
12303
15937
15010
14304
15835
13364
14515
12508
14236
12781
12007
11311
14040
14714
14988
12751
13703
12592
11676
13380
14976
12357
14459
12041
11820
11628
14957
14296
13165
12541
14643
13647
14158
12472
15909
17061
16262
15719
15802
13817
12688
14039
14677
12938
11929
12008
12314
12348
11453
13253
11268
12260
10582
10953
11847
12652
12941
14398
13801
13008
13444
14590
15085
12456
13817
12234
13680
15516
17469
15917
14343
12024
15602
18265
13415
21917
20791
19207
18183
21444
21376
18154
16872
17093
20013
18301
18289
16348
17646
14297
15014
12575
16131
14549
14475
13931
14496
12521
12374
13857
13238
12374
15087
13661
12416
11539
