10936
12942
10817
10636
10921
10939
10666
10426
10911
10338
10680
10703
10840
10811
10965
10939
11012
11166
10631
10308
10901
10816
11124
10936
10340
10642
10697
10971
10702
10965
11265
10708
10895
10538
10355
10761
10626
10662
10990
10626
10541
10996
10774
10447
10498
10670
10794
10974
10468
11497
10863
10700
11094
10888
10710
10589
10871
10768
10597
10866
10606
10770
10880
10632
10825
10939
10442
11122
10903
10979
10558
10943
10982
10897
10966
10689
10908
10750
10720
11113
10660
10643
10987
10642
10773
10627
10876
10775
10568
11042
10699
10589
11021
10591
10708
10973
10977
10873
10851
10821
11030
10732
10697
10775
11099
11182
11019
11151
10754
10627
11053
10835
10671
11064
10969
10841
11078
11096
11001
10899
10939
11184
10859
10660
11112
10635
10987
10946
10838
10978
10811
11410
10778
10690
10946
10503
11055
11032
10719
11260
10961
10819
10974
11013
10861
10848
11069
10479
11136
10696
10471
10595
11066
10977
11029
10943
10895
10822
11270
10874
10753
10891
10549
10729
10794
10596
11095
10951
11029
10807
10777
10978
10761
11105
10943
10681
10836
10481
10905
10881
11125
10918
11080
10946
10611
11104
10802
10600
10826
10936
11005
10811
10837
11050
10757
10968
10863
11150
11236
10819
11181
10673
11118
11077
10740
11063
11337
10632
10726
11007
10912
11056
10763
10955
10787
11284
11355
10488
10905
10494
11181
10581
10648
10866
10730
10669
11052
11095
10439
10327
10923
10749
10810
10907
10584
10780
10744
10859
10650
10477
10952
10684
10998
10709
10727
10720
10582
10649
10792
10593
10659
10890
11018
10897
10700
10979
10579
10909
10579
10387
10822
10699
10734
10782
10617
10655
10851
10677
10939
10770
10704
10854
10909
10532
10836
10966
10691
10906
11009
10845
10423
10571
10701
10618
10975
10700
10780
11121
10484
11327
10567
10734
11081
10879
10842
10769
10742
10690
10952
11162
10632
10996
10967
10557
10759
10711
10618
10432
11004
10955
10798
10846
10762
10712
10944
11019
10953
11039
10685
11053
11142
10818
10865
11045
10912
10659
11543
10823
10548
11239
10816
10930
10931
10780
11099
10619
11313
10877
10640
11001
10678
11256
11314
10789
10949
10625
10770
10953
10513
11058
11048
10874
10748
11268
10941
10926
11120
11047
11109
11100
10517
11107
10954
10916
10984
10733
10663
10943
11096
10693
10633
11224
11002
11018
11004
10743
10731
11033
10888
10594
10592
10839
10538
11078
10846
10714
11126
10472
11086
10937
10658
10632
11233
10787
10663
10985
10904
10585
11018
10943
10889
10936
10678
10891
10923
10988
11003
10677
10866
10984
11216
10955
11170
11102
10730
11371
11129
10579
10739
11053
10990
10901
10832
10740
10831
11056
10687
10954
11153
11031
11149
11215
10562
10770
10453
10416
10794
11338
10740
10436
10857
10567
10742
10931
10613
10551
10542
11163
10565
10534
10459
10286
10903
10616
10716
10799
10593
10601
10524
10494
10905
10742
11006
10594
10584
10714
10759
11151
10487
10373
10886
10610
10611
10877
10455
10459
10957
10692
10599
10652
10698
10785
10765
10831
10961
10788
10479
10630
10847
10591
10655
10631
10847
11193
11171
10840
10534
10624
10610
10734
10675
10671
11216
10991
10663
10647
10590
10651
11147
10937
10805
11451
10766
10579
10887
10945
10893
10824
10813
10816
10476
10728
10811
10497
11055
10622
10459
10913
10705
10862
11123
11170
10863
10972
10892
10831
11270
10625
10555
11392
10757
11031
10951
10846
11061
10696
11108
11078
11062
11187
10762
11035
10948
10656
10920
10672
10845
10716
10591
11093
10766
10762
10766
11019
10829
10485
11045
10758
10796
11095
10746
11283
11039
11574
10845
10842
10768
10778
10902
10766
11148
10936
10869
10752
11057
10616
11090
10991
10714
10595
10629
11191
10894
11190
10778
10580
11008
10898
11087
10764
10671
10800
10904
11060
10751
10715
10990
10748
10937
10659
10460
11086
10564
10961
10853
11174
10582
10985
10594
10719
11021
10714
10922
11100
10639
11142
11059
10836
10919
10993
10873
10923
11236
10899
11084
11017
10841
10970
11313
10654
10709
11089
11129
11205
10831
11175
10928
11099
10758
10642
10738
10687
10822
11192
10321
10946
11038
10483
10804
10866
10757
10428
10732
10760
10491
10729
10865
10714
10590
10448
10601
10869
10713
10793
10463
10384
10886
10938
10633
10424
10760
10373
10574
10866
10676
10712
10703
10603
10574
10734
10595
10788
10887
10898
10544
10916
10716
10729
10510
10844
10943
10769
10809
11020
11056
10419
10353
11035
10574
10657
11067
10479
10723
10552
10753
10841
10927
10935
10771
11249
10800
10965
11035
10785
10883
10630
10651
10626
10858
10673
10983
10764
10843
10403
10989
10843
10665
11010
10385
10703
10670
10822
10693
10630
10992
10947
11190
10856
10653
11028
10860
11087
11145
10727
10908
11068
10790
10595
10967
10639
11036
11423
10876
10778
11049
10862
10898
11064
10724
11070
10919
11105
10786
10971
10824
10447
10931
10776
10749
10890
10818
11122
11043
10971
10988
10647
10783
10813
10894
10686
10506
11279
10966
10905
10837
10804
11115
10748
10918
10789
10880
10970
10886
10954
10815
10661
10876
10641
10824
10890
10491
10576
10909
11080
10616
10664
10969
10919
11077
10669
10861
11349
10559
10817
10766
10875
10584
11053
10677
10751
10978
10985
10866
10927
10621
11043
10840
10680
11137
10923
10841
10971
10806
10880
11069
11247
10987
10914
11270
10739
10827
10985
10816
11042
11026
11069
10752
10867
10690
10981
11120
10704
10868
11220
10546
10674
10747
10517
10963
10799
10945
10649
10786
10630
10648
10972
10671
10644
10774
10674
10592
10778
10711
10488
10601
11087
10834
10743
10365
10519
10839
10614
10986
10711
10659
10938
10644
10703
10598
11145
10955
10587
11068
10640
10598
10884
10299
10618
10783
11105
10688
10773
10810
10764
10916
10610
10621
10947
10657
10800
11000
10417
10478
10867
10832
10918
10661
10794
10661
11069
10747
10458
10993
11035
10890
11051
10838
11074
11249
10814
10968
10900
10947
10815
11017
10409
10976
10704
10621
10786
10653
10979
11081
10868
10533
10451
11004
10618
10644
10966
11006
10925
11188
10880
10844
11085
10784
10906
11031
11041
10873
11211
10976
10686
11187
10693
11035
11606
10557
10688
11086
11025
10746
10978
11402
10729
10910
10775
10984
11017
10892
11091
10835
10982
10884
10868
10663
10808
11016
10798
