22897
24697
19045
19235
19403
19335
19419
19400
18845
19490
19494
19104
19268
19574
19085
19366
19310
18871
19211
19040
19336
19360
19296
18891
19399
19324
19049
19264
19551
19033
19010
19362
18961
19163
19246
19128
19112
19452
19297
19145
19313
19237
19342
19125
19123
19562
19294
19120
19243
19353
19029
19149
19374
19455
19571
19255
19958
19223
19406
19010
19472
19605
18976
19670
19497
19817
19154
19321
19470
19446
19179
19385
19334
19191
19448
19191
19568
19150
19402
19536
18885
19009
19530
19218
19163
19437
19412
19290
19333
19182
19292
19070
19213
19345
19502
18895
19731
19674
19362
19497
19730
19140
19547
19612
19316
19315
19598
19453
19199
19556
19092
20295
19672
19007
19762
19494
19366
19343
19532
19459
19253
19534
19260
19371
19434
19162
19493
19349
18948
19415
19605
19320
19593
19792
19418
19221
19775
19462
19571
19485
19130
19334
19548
19288
19308
19318
18972
19294
19480
19316
19604
19607
19306
19334
19437
19448
19195
19486
19384
19556
19531
19390
19493
19578
19308
19439
19595
19108
19443
19534
19383
19436
19460
19176
19466
19574
19363
19199
19331
19156
19437
19550
18992
19612
20145
19204
19313
19417
19391
19566
19803
19101
19371
19275
19438
19411
19591
19518
19660
19588
19185
19715
19758
19287
19495
19530
19367
20382
19866
19414
19387
19417
19560
19685
19364
19096
19322
19286
18882
19179
19784
19154
18980
19312
19237
19175
19401
19044
19227
19300
19236
19519
19360
19047
19255
19333
19104
19626
19516
19938
19028
19369
19170
19042
19190
19567
19192
19375
19196
19121
19279
19030
19412
19532
18871
19208
19167
18900
19531
19278
19202
19297
19370
19103
19313
19173
19093
19340
19255
18949
19529
19539
18803
19346
19297
19230
19194
19664
19439
19282
19322
19120
19227
19361
19125
19444
19489
18914
19521
19395
18909
19141
19339
19310
19335
19421
19332
19173
19070
19069
19431
19238
18970
19661
19421
19066
19452
19349
19249
19376
19642
19932
20114
19514
19612
19618
19622
19286
19503
19376
19224
19394
19637
19317
19618
19818
19331
19060
19749
19142
19630
19199
19426
19303
19463
19444
19626
19491
19235
19354
19384
19122
19457
20235
19290
19497
19718
19133
19319
19582
19310
19510
19569
19673
19455
19558
19161
19487
19379
19055
19623
19638
19307
19293
19545
19451
19422
19398
19432
19298
19295
19479
19569
19553
19340
19732
19367
19110
19232
19682
19096
19514
19554
19109
19462
19344
19417
19588
19351
19302
19679
19374
19349
19474
19656
19267
19084
19564
19093
19451
20527
19320
19397
19544
19285
19312
19638
19085
19454
19658
19064
19423
19420
19145
19153
19741
19386
19378
19792
19345
19661
19523
19601
19664
19606
19423
19726
19607
19245
19824
19598
19232
19219
19366
18955
19239
19326
19365
19343
19374
18959
19263
19188
18958
19433
19372
19080
19596
19122
18980
19180
19465
19298
19396
19065
19338
19101
19092
19188
19364
19460
19224
19212
19263
18902
18902
19263
18996
19415
19611
19248
20182
19180
18908
19353
19042
19338
19444
19394
18823
19150
19250
19268
18996
19516
19091
19913
19435
19040
19031
19066
18936
19329
19600
18948
19640
19401
18952
19302
19458
19373
19160
19612
19081
19200
19565
19107
19088
20034
19210
19511
19441
19006
19300
19380
19143
19318
19369
19321
19193
19423
19032
19203
19295
19259
19263
19444
19202
20341
19617
19284
19702
19525
19290
19629
19557
19338
19227
19612
19123
19232
19467
19162
19248
19629
19307
19449
19427
19174
19604
19383
19357
19636
19515
19332
19543
19613
19201
19264
19157
19170
19687
19538
19549
19571
19292
19162
19655
19653
19191
19516
19717
19315
19427
19484
19184
19445
19144
19199
19379
19393
19543
19351
19589
18916
19491
19359
19115
19194
19727
19243
19339
19465
19323
19390
19488
19460
19602
19519
20111
19513
19304
19317
19689
19574
19180
19388
19552
19206
19353
19430
19294
19461
19556
19388
19520
19513
19158
19939
19550
19009
19719
19655
19171
19160
19476
19290
19159
19502
19602
19416
19618
20350
19525
19411
19284
19626
19732
19234
19776
19489
19438
19463
19570
19371
19418
19530
19377
19058
19375
19111
19139
19471
19090
19515
19445
18810
19472
19190
19144
19268
19423
19217
19311
19106
19215
19376
19181
19167
19202
19488
19072
19462
19225
18860
18983
19290
19234
19094
19345
19286
19159
19278
18928
19117
19209
19331
20154
19338
18734
19561
19191
19337
19129
19406
19164
19197
19577
19052
19407
19404
19351
19538
19467
19488
19276
19415
19126
19637
19572
19384
19422
19298
18991
19054
19336
19088
19409
19342
19143
19216
19391
19110
19384
19530
19050
19431
19307
19154
18985
19594
19076
19208
19701
19355
19211
19140
19234
19381
19374
18962
19550
19393
19158
19666
19489
19521
19394
19766
19240
19225
19335
19588
19490
19591
19440
19251
19600
19221
19407
20572
19081
19520
19702
19330
19525
19507
19394
19483
19441
19357
19392
19504
19756
19357
19544
19097
19682
19443
19270
19310
19436
19134
19767
19812
19512
19268
19500
19335
19485
19448
19392
19378
19344
19197
19555
19328
19317
19588
19669
19235
19448
19477
19163
19312
19326
20040
19671
19627
19467
19496
19459
19261
19705
19693
19928
19425
19600
19258
19296
19561
19397
19489
19533
19480
19344
19493
18973
19775
19556
19292
19459
19656
18976
19475
19445
19222
19420
19501
19547
19526
19674
19494
19603
19359
19160
19373
19411
19105
19503
19731
19236
19393
19731
19406
19438
19547
19317
19589
19338
20125
19500
19435
19277
19264
19436
19090
18890
19321
19117
19121
19553
18979
19028
18984
19151
19164
19124
19229
19426
19445
19038
19352
19214
19086
19150
19540
19005
20118
19395
19220
19023
19247
19154
19354
19125
19009
19296
19147
18885
19499
19290
19174
19376
19460
18861
19282
19540
19240
19316
19180
19271
19399
19181
18914
19147
19526
19295
19485
20385
19183
19219
19475
19021
19229
19603
19332
19262
19239
19458
19478
19379
19210
19584
19304
19185
19334
19266
19239
19050
20016
19369
19210
19194
18945
19390
19241
19103
19527
19517
19307
19646
19243
19149
19556
19242
19225
19156
19648
19266
19671
19494
19423
19414
19545
19227
19629
19585
19225
19435
19524
19366
19165
19685
19265
19238
20564
19399
19579
19582
19227
19283
19582
20019
19369
19677
19048
19437
19337
19177
19210
19649
19218
19455
19749
19494
19272
19405
19421
19402
