22829
24279
18811
18905
19676
19422
19727
19489
19085
19138
19258
19137
19324
19862
19298
19188
19349
19052
18986
19190
19455
19262
19500
19360
19187
19386
19044
19211
19614
19260
19222
19444
19096
19019
19303
19171
19245
19444
19199
19105
19223
19004
18822
19260
19021
19024
19263
18885
18844
19060
18778
19384
20019
19410
19408
19508
20094
19126
19385
19123
19130
19343
19236
18950
19074
18858
18930
19410
19383
19291
19671
19134
18975
19230
19003
19254
19476
19426
20006
19457
18950
18911
19605
19442
19442
19633
19443
19370
19350
19266
19424
19573
19497
19286
19595
19316
19402
19554
19554
19482
19694
19432
19371
19580
19258
19247
19848
19575
19341
19643
19452
20076
19517
19389
20332
19732
19566
19488
19606
19254
19368
19534
19272
19207
19381
19241
19030
19261
19014
19021
19514
19371
19216
19319
19085
19020
19262
19116
19360
19473
19279
19170
19294
18981
18932
19728
19367
19465
19636
19540
19378
19589
19168
19292
19454
19304
19127
19389
19087
19000
19182
19421
19413
19621
19587
19416
19573
19432
19318
19457
19118
19055
19375
19163
19029
19321
18903
19325
19556
19390
19374
19517
19347
19257
20196
19576
19445
19600
19353
19322
19532
19286
19273
19547
19201
19178
19456
19168
19215
19280
19584
19475
19650
19403
19245
19539
19390
19129
19764
19559
19580
19633
19549
19436
19631
19330
19067
19276
18942
19016
19283
19091
18910
19136
19057
18943
19230
18961
19025
19193
19039
18906
19397
19235
19225
19327
19201
19047
19270
19756
19193
19319
18958
18944
19292
18979
18891
19135
19102
19011
19272
19058
18933
19214
19082
18862
19525
19296
19284
19325
19380
19221
19408
19379
19466
19511
19177
19159
19519
19410
19163
19510
19022
19106
19198
19048
19088
19211
18935
19240
19258
19075
19025
19182
19247
18999
19184
19101
19003
19316
18970
19000
19331
19155
19077
19632
19146
19174
19290
19147
19085
19293
19029
19265
19346
19086
19022
19246
19221
19099
19269
19528
20329
19748
19375
19335
19534
19306
19365
19542
19378
19250
19506
19324
19205
19405
19453
19275
19487
19335
19179
19335
19762
18943
19495
19246
19229
19468
19200
19116
19263
18951
19305
20299
19317
19406
19347
19242
18991
19242
19624
19434
19719
19432
19457
19609
19527
19298
19698
19391
19301
19593
19267
19307
19551
19472
19436
19737
19310
19305
19663
19364
19364
19510
19391
19253
19386
19255
19084
19231
19184
19339
19576
19240
19270
19505
19169
19067
19390
19451
19412
19619
19361
19243
19532
19398
19201
19788
19564
19373
20404
19477
19373
19464
19474
19317
19513
19188
19236
19391
19052
18972
19329
19728
19472
19765
19422
19499
19670
19445
19418
19728
19468
19399
19522
19468
19359
19449
19360
19657
19710
19423
19118
19398
19197
19121
19492
19334
19235
19380
18942
18970
19195
18973
19307
19540
19236
19242
19321
19132
19048
19198
19317
19134
19352
19195
19014
19112
18822
18732
19573
19279
19209
19529
19033
18999
19239
19132
19321
19534
19385
20017
19351
19189
18942
19223
19339
19252
19525
19137
19115
19312
19050
19096
19736
19332
19394
19528
19265
19266
19305
19174
19400
19667
19430
19215
19355
19057
19120
19532
19521
19407
19496
19204
19046
19253
18957
19381
19649
19544
19333
19564
19181
19132
19379
19490
19441
19672
19460
19420
19343
19252
19121
19433
19473
19182
19442
19095
20140
19486
19230
19229
19451
19155
19182
19357
19047
19027
19270
19631
19411
19675
19592
19595
19624
19421
19380
19481
19325
19177
19413
19254
19179
19243
19527
19427
19636
19502
19327
19597
19292
19366
19494
19360
19228
19354
19062
19131
19332
19150
19321
19443
19317
19232
19330
19063
18911
19192
19272
19307
19568
19382
19300
19438
19057
19189
19667
19521
19394
19600
19329
19310
19498
19193
19235
19456
19378
19245
19426
20084
19097
19260
19240
19184
19464
19201
19151
19411
19059
18934
19603
19348
19330
19530
19428
19230
19324
19472
19218
19464
19220
19155
19499
19091
19097
19763
19526
19474
19766
19438
19439
19603
20211
19401
19601
19382
19320
19488
19269
19107
19280
19601
19624
19729
19617
19482
19658
19337
18962
19270
18959
19288
19278
19061
18919
19139
18722
19097
19267
19137
19191
19252
19241
18942
19063
19383
19353
19377
19326
19144
19434
19107
19185
19276
18988
18936
19403
18968
18974
19162
19071
18945
19200
18988
18933
19121
18989
19580
19492
19359
19231
19377
19371
19214
19419
19123
19383
19554
19192
19163
19540
19443
19177
19417
19280
19325
19415
19269
19287
19412
19114
19166
19289
19146
19036
19217
19163
19026
19243
18873
19018
19227
19057
18952
19333
19111
19046
19201
19313
19335
19496
19241
19253
19510
19188
19389
19597
19266
19180
19422
19436
19210
19470
19596
19605
19771
19507
19368
19539
19320
19251
19551
19234
19223
19411
19263
19110
19316
19168
19519
20580
19576
19376
19610
19255
19241
19536
19450
19429
19640
19372
19423
19527
19440
19356
19476
19378
19218
19397
19257
19039
19252
19106
19105
19446
19222
19221
19291
19184
19025
19737
20199
19298
19547
19263
19280
19526
19354
19464
19756
19379
19319
19547
19380
19341
19539
19465
19317
19381
19222
19164
19257
19263
19011
19559
19998
19288
19482
19099
19022
19299
19064
19458
19713
19361
19286
19543
19459
19246
19532
19433
19166
19351
19213
19078
19284
19165
19050
19546
19185
19947
19524
19157
19031
19352
19148
19544
19765
19520
19480
19665
19507
19403
19779
19461
19476
19648
19513
19402
19502
20254
19668
19803
19519
19141
19393
19809
19162
19388
19233
19490
19326
18901
18991
19108
18948
18870
20296
19300
19251
19384
19043
19111
19227
19214
19232
19443
19289
19973
19280
18966
18904
19308
19367
19288
19502
19110
19095
19309
19142
19141
19594
19465
19303
19444
19251
19028
19279
19324
19303
19596
19267
19145
19419
19065
19115
19483
19217
19236
20263
19171
18991
19214
18991
19163
19424
19274
19042
19169
18858
18942
19117
19546
19456
19656
20164
19151
19352
19056
19121
19447
19300
19073
19340
18945
18855
19096
18888
19311
19439
19286
19150
19175
19024
18955
19097
19303
19061
19384
19012
19259
19317
19042
18952
19495
19182
19174
19375
19129
19047
19322
19698
19436
19632
19593
19277
20466
19445
19343
19582
19313
19192
19401
19048
19506
19285
19087
19325
19571
19363
19232
19392
19209
19255
19330
19657
19556
19599
19341
19317
