21252
19498
18109
18207
18591
18432
18347
18580
18379
18003
18456
18304
18429
18352
18495
18035
18646
18622
18384
18534
18357
17967
18422
18604
18104
18152
18421
17907
18587
18448
18215
18196
18567
18112
18642
18449
18407
18446
18284
18191
18207
18455
18354
18499
18407
18072
18210
18687
18474
18479
18581
17935
18356
18524
18433
18696
19037
18291
18373
18709
18591
18702
18652
18646
18124
18511
18272
18729
18669
18166
18208
18520
18362
18546
18414
18306
18471
18272
18582
18761
18454
18203
18170
18401
18257
18759
18684
18087
18205
18353
18996
18563
18546
18425
18590
18561
18814
18826
18623
18266
18634
18667
18088
18824
18893
18392
18772
18444
18257
18884
18872
18575
18365
18552
18311
18681
18534
18337
18596
18697
18393
18893
18599
18609
18678
18455
18270
18771
19040
18661
18535
18735
18122
18856
18612
18678
18716
18481
18294
18446
18666
18406
18645
18473
18065
18412
18531
18546
18886
18646
18400
18334
18815
18197
18306
18586
18473
18635
18845
18528
18568
18666
18205
18351
18948
18514
18611
18504
18185
18495
18562
18544
18422
18492
18434
18308
18354
18301
18517
18449
18335
18596
18587
18598
19375
18545
18558
18523
18507
18620
18791
18785
18338
18580
18679
18615
18914
18829
18374
18445
18671
18724
18773
18811
18798
18793
18478
18177
18849
18766
18491
18345
18732
18561
18722
18861
18046
18335
18455
17992
18630
18605
18410
18327
18477
18212
18346
18449
18210
18440
18519
17975
18405
18716
18042
18472
18591
18110
18458
18679
18146
18277
18249
18314
18396
18630
18216
18221
18276
18902
18094
18420
18490
18597
18360
18051
18260
18541
18252
18152
18322
18235
18407
18663
18286
18548
18313
18386
18520
18549
18413
18785
18519
18315
18385
18185
18293
18722
19279
18368
18315
18426
18231
18280
18730
18213
18466
18331
18450
18378
18572
18267
18494
18596
18265
18522
18396
18049
18174
18231
18489
18521
18761
18197
18396
18464
18103
18714
18734
18444
18383
18590
19235
18613
18962
18308
18341
18570
18139
19039
18842
18313
18676
18452
18399
18627
19140
18241
18633
18697
18342
18275
18604
18645
18527
18662
18301
18703
18977
18356
18763
18731
19016
18622
18841
18649
18411
18699
18279
18595
18787
18426
18790
18546
18411
18306
18844
18462
18448
18693
18185
18300
18507
18645
18726
18622
18457
18569
18366
18629
18604
18465
18226
18399
18524
18622
18746
18720
18588
18356
18383
18411
18628
18768
18514
18429
18330
18595
18411
18775
18441
18421
18655
18554
18599
18642
18285
18572
18563
18416
18679
18457
18440
18629
18434
18345
18469
18792
18522
18524
18673
18244
18823
18856
18610
18495
18756
18493
18808
18990
18620
18587
18801
18343
18958
18947
18610
18711
18536
18558
18428
18788
18097
18260
18218
17994
18395
18578
18555
18459
18554
18158
18361
18434
18309
18347
18363
18047
18355
18428
18098
18287
18611
18263
18231
18531
18424
18512
18520
17880
18171
18308
18378
18274
18551
17959
18359
18209
18192
18608
18855
18156
18349
18380
18545
18520
18345
18378
18355
18436
18355
18556
18460
18056
18405
18428
18536
18740
18326
18249
18429
18167
18123
18513
18589
18485
18442
18499
18018
18593
18582
18443
18577
18557
17916
18729
18570
18283
19034
18610
18368
18855
18565
18191
18351
18466
18435
18648
18780
18180
18488
18363
18401
18124
18690
18429
18684
18398
19166
18513
18890
18567
18433
18722
18432
18546
19055
18401
18820
18534
18547
18273
18842
18607
18668
18497
18188
18587
18619
18487
18618
18496
18444
18652
18830
18755
18635
18732
18538
18417
18414
18525
18820
18718
18191
18412
18586
18429
18798
18759
18517
18363
18557
18661
18650
18472
18135
18244
18596
18545
18687
18537
18203
18558
18506
18405
18494
18633
18369
18693
18503
18652
18559
18571
18659
18667
18453
18332
18459
18807
18542
18363
18623
18139
18690
18886
18415
18638
18380
18349
18670
18818
18341
18698
18586
18359
18599
18843
18609
18636
18533
18482
18854
18737
18387
18472
18702
18391
18666
18942
18596
18504
19275
18511
18395
18656
18498
19581
19480
18552
18513
19010
18767
18649
18536
18622
18662
18949
18041
18518
18344
18127
18344
18786
18436
18377
18497
18361
18160
18117
18188
18632
18591
18279
18115
18255
18351
18361
18379
18024
18472
18622
18246
18486
18314
18232
18433
18333
18291
18662
18345
18211
18160
18195
18608
18326
18547
18265
18140
18442
18441
18539
18562
18379
18356
18236
18073
18464
18597
18088
18652
18342
18348
18757
18667
18309
18245
18478
18162
18770
18781
18274
18505
18509
18041
18487
18792
18634
18331
18610
18196
18436
18477
18443
18413
18438
18258
18518
18417
18326
18393
18322
18424
18448
18629
18528
18518
18493
17990
18445
18901
18454
18483
18368
18411
18369
18867
18346
18394
18567
18167
18546
18687
18607
18554
18768
18438
18680
18655
18542
19187
18504
18499
18510
18381
18670
18627
18589
18296
18498
18626
18623
18614
18571
18320
18425
18572
18593
18722
18801
18329
18366
18664
18405
18459
18858
18567
18497
18631
18474
18773
18800
18443
18627
18409
18183
18503
18544
18356
18576
18357
18450
18667
18531
18240
18747
18688
18342
18746
18585
18270
18623
18676
18409
18856
18774
18577
18378
18599
18329
18872
18751
18332
18742
18629
18320
18247
18822
18638
18698
18416
18494
18206
18849
18367
18837
18511
18179
18540
18597
18488
18778
18838
18513
18444
18668
18718
18574
18604
18351
18473
18836
18395
19573
18780
18509
18482
18332
18579
18607
19558
18552
18639
18561
18374
18453
18300
18350
18398
19230
18392
18614
18399
17982
18056
18113
18350
18638
18344
18420
18228
18374
18601
18546
18381
18316
18455
18459
18891
18495
18606
18126
18469
18315
18158
18533
18376
18210
18390
18410
18143
18679
18621
18090
18241
18241
17925
18308
18739
18448
18545
18559
18320
18585
18416
18365
18651
18535
18285
18559
18583
18212
18317
18540
18431
18325
18743
18564
18378
18379
18307
18420
18842
18377
18589
18655
18220
18385
18536
18244
18429
18653
18395
18537
18715
18223
18547
18338
18147
18378
18632
18204
18658
18539
18013
18204
18712
18486
18675
18690
18600
18588
18655
18371
18503
18753
18483
18614
18414
18441
18823
18859
18587
18434
18645
18523
19414
18791
18520
18459
18621
18587
18611
18580
18204
18672
18614
18293
18832
18549
18295
18516
18686
18271
18805
18647
18288
18657
18624
18061
