17950
16028
13995
14119
14070
14169
14398
14384
14041
14092
13985
13707
14380
13970
15769
14490
14316
13839
14276
14152
14015
14349
14371
13887
14147
14310
13969
14124
14176
13953
14161
14147
14184
14869
14110
14092
14433
13944
13961
14055
14308
13634
14344
14306
14050
14543
13829
14109
14289
14173
13762
14275
14568
13915
14590
14332
14416
14466
14072
13978
14363
14400
14143
14244
16353
14120
14628
14148
14065
14476
14286
14245
14064
14363
14535
14225
14250
14436
14347
14179
13455
14679
14084
14023
13995
14628
14433
14362
13971
14115
14331
14064
14126
14199
14331
14098
14427
14399
14785
14377
14435
14052
14692
14273
14213
14435
14077
15184
14796
14225
14495
14223
14435
14145
14624
14606
14198
14384
14124
14345
14328
13990
13943
14528
14254
14260
14233
14438
14114
14422
14123
14372
14679
14166
14105
14447
14268
14363
14144
14337
14507
14556
14275
15026
14831
13972
14228
14088
14392
14404
14331
14365
14595
14363
14220
13924
14566
14381
14093
14475
13884
14302
14208
14803
14327
14323
14218
14180
14269
14852
14231
14690
14195
14544
14351
14219
14225
14215
14181
13877
14296
14074
14270
14447
14410
14134
14481
14439
14368
14118
14659
13933
14324
14444
14353
14541
14370
14146
14254
14864
14198
14237
14147
14157
14569
14365
14267
14557
14218
14135
14451
14338
14566
14431
14498
14113
14433
13960
13775
14079
14093
14412
14011
13928
14070
14333
14175
13878
14617
14444
13958
14263
14099
14035
14175
13839
14297
14066
14141
13933
14345
14024
14014
13761
14053
14047
14360
14236
13852
14412
14085
14051
14334
14220
14201
14492
13973
15442
14561
14181
13845
14597
14254
13985
14247
14725
13962
15252
14369
14320
14493
14371
13887
14123
14370
13933
14507
14392
14232
14545
14095
14337
14464
14222
14134
14273
13943
14432
14017
14274
14155
14354
14032
14189
14060
14451
14188
14226
14213
14006
14705
13971
14043
14573
14195
14380
14276
14010
14324
14301
14152
14284
14893
14536
14039
14405
14386
14407
14387
14019
14839
14383
14204
14356
14576
14312
14357
14226
14250
14424
14554
14305
14509
14453
14294
14330
14345
14483
13930
14494
14113
14543
14419
14293
15475
14650
14655
14343
14302
14386
14424
14492
14345
14985
14539
14619
14195
14583
14214
14195
14364
13998
14166
14462
14226
14048
14442
14524
14275
15002
14288
14301
14425
14603
14561
14475
14907
14007
14654
14580
14257
14479
14540
14174
14163
14330
13802
14600
14172
14054
14567
15551
13917
14090
14215
14174
14421
14199
14049
16669
14879
14293
14268
15365
14162
14600
14359
14243
14537
14564
13780
14378
14634
14254
14257
14248
14409
14696
14523
14192
14673
14527
14392
14358
14032
14378
14370
14312
14126
14487
14298
14303
14119
14151
13910
13962
14142
13639
14388
14433
13875
14504
14004
13606
14328
14174
14174
14092
13898
14045
14560
14078
14231
14222
14200
13907
14172
14519
14025
14026
14154
13667
14181
14307
14031
14134
14038
14049
14353
14306
13910
14116
14125
13655
14365
14082
14102
14102
13814
14142
14219
13992
14058
14285
14314
13861
14308
14231
13872
14419
14223
13585
14289
14144
14009
14255
14354
13964
14358
14168
14224
14568
14358
14383
14421
14312
14476
15036
14048
14583
14362
13791
15404
14338
14324
14058
14269
14276
14370
14680
14191
14106
14085
14272
14251
14331
14581
14054
14834
14880
14478
14485
14303
14219
14361
14681
14150
14288
14427
14686
14256
14240
14660
14538
14695
13941
14613
14618
14249
14287
14121
14293
14450
14214
13903
14320
14532
13994
14517
14574
14143
14452
14628
14436
14901
14485
14462
14591
14418
14280
14408
14673
14247
14341
14386
13954
14234
14516
14147
13874
14502
13844
14523
14224
14221
14522
14324
14145
14336
14759
15056
14457
14526
14470
14398
14700
13935
14659
14347
14378
14374
15968
14185
14282
14130
14486
14823
14257
14407
14550
14468
13999
14400
14531
14263
14601
14429
14047
14416
14478
14547
14182
14474
14253
14528
14126
15515
14348
14322
13977
14533
14464
14796
14745
14426
14344
14744
14226
14242
14442
14481
14224
14329
14355
14028
14388
14628
14661
14578
13908
13752
14068
13873
13917
14510
14572
14176
14250
14125
14131
14628
14288
14033
14212
14308
13857
14311
14268
14420
14463
14358
13962
14319
14100
14018
14014
14239
13920
14328
14277
13721
13906
14000
14002
13946
13958
14179
14107
14048
14244
14155
14459
14041
14303
14182
14131
14080
14084
14116
14290
14348
14040
14618
14052
14099
14306
14010
14046
14093
14151
14053
14434
14315
13948
14489
14318
14015
14258
15127
14280
14624
13864
13957
14088
14156
14035
14080
14458
14070
14264
13924
14149
14585
14671
14086
14467
14531
14321
13865
14270
14179
14625
14023
13883
14818
14673
13968
14377
14228
14146
14388
14358
14551
14285
14253
14054
14676
14185
14679
14471
15030
13893
14382
14477
14254
14649
14529
14285
14279
14323
14066
14232
14281
14456
14375
14341
14233
14566
14447
14047
14309
14683
14375
14083
14599
14038
14417
14308
14243
14131
14836
14051
14142
14108
14626
14385
14241
14382
14415
14184
14048
14247
14519
14366
14344
14243
14635
14458
14263
14248
14073
14567
14428
14417
14564
14262
14241
14334
13932
15840
14145
13854
14351
14251
14118
14158
14337
13992
14627
14280
13998
14057
14410
14325
14450
14127
14410
14456
14149
14244
14548
14402
14191
14377
14450
14647
14180
14175
15186
14499
14421
14192
14312
14817
14188
14160
14064
14698
14472
14484
13907
14527
14026
14398
14024
14279
14226
14086
13959
14163
14467
14470
14133
14269
14219
13965
14251
14086
14294
14514
14007
13765
14211
14238
14247
14286
14660
14357
14641
14152
14217
14089
14107
13792
14149
14166
13858
14183
13777
14309
15089
13963
14163
14360
14286
13767
14154
14362
14812
14395
14000
14244
14611
14220
13659
14123
14408
13941
14337
14308
14246
14327
14364
14100
14412
14378
14078
14377
14592
14219
14267
14220
13957
14158
14708
13970
14079
14037
14158
14206
13986
13902
14447
14100
13874
14208
14285
14075
14011
15299
14433
14179
14196
14051
14287
14337
13919
14263
14299
13873
14540
13975
15017
14695
14358
14005
14271
14295
14407
14322
14728
14418
14579
14239
14506
14448
15015
14323
14383
14422
14023
14323
14295
14214
14405
14197
14293
14695
15374
13982
14451
14147
14269
14635
13977
13977
14333
15435
14261
14342
