23197
24744
19673
19418
19629
19458
19532
19738
19512
19661
19458
19533
19569
19824
19378
19570
19541
19429
19183
19677
19521
19491
19319
19557
19209
19632
19362
20409
19746
19337
19436
19865
19536
19614
19758
19352
19520
19534
19588
19776
19618
19402
19255
19601
19543
19200
19746
19627
19246
19903
19648
20102
19686
19565
19468
19917
20547
19552
19504
19557
19677
19978
19794
19638
19328
19327
19228
19494
19634
19264
19719
19872
19696
19532
19822
19381
20017
19552
20424
19746
19579
19504
19660
19318
19453
19781
19669
19551
19461
19062
19659
19795
19413
19867
19847
19702
19441
19741
19822
19673
19832
19917
19345
19682
19732
19805
19936
19704
19575
19520
19984
20430
19928
19756
19726
19651
19762
19758
19987
19733
19777
19865
19665
19560
19739
19675
19854
19693
19610
19937
19957
19988
19448
19537
19420
19742
19924
19583
19527
19871
19650
19826
19792
19705
19662
19748
19751
19845
19957
19763
19505
19908
20317
19964
19917
19617
19552
19719
19493
19875
20020
19724
19660
19758
19692
19961
20079
19565
19295
19561
19341
19627
20099
20046
19774
19838
19751
19582
19942
19798
19779
20242
19629
19832
20440
21108
19553
19492
19646
19550
19835
19461
19664
19819
19406
19514
19848
19802
19810
19430
19842
19658
19916
19723
19785
19766
19602
19815
19913
19715
19558
19730
19531
19430
20809
20206
19512
20555
19512
19188
19610
20008
19726
19771
19595
19283
19360
21226
19294
19930
19816
19671
19411
19689
19461
19757
19330
19125
19520
20532
19610
19684
19320
19003
19770
19783
19921
19677
19507
19566
19698
19385
19649
19664
19862
19245
19592
19589
19587
19619
19499
19185
19460
19507
19386
19889
19334
19475
19902
19843
20557
19656
19494
19416
19485
19185
19535
19570
19767
19707
19640
19381
19610
19876
20023
19375
19647
19481
19515
20047
20696
19612
20131
19456
19408
20023
19423
19472
19569
19438
19575
20738
19518
19700
19738
19325
19248
19992
19369
19553
19435
19484
20006
19877
20009
19581
19763
19698
19627
19861
19793
19603
19824
19764
19546
20128
19851
19702
19771
19747
19691
21076
19603
19488
19873
19743
19588
19587
19858
19660
19891
19687
19501
19624
20008
19876
19790
19505
19470
19697
19959
21061
19782
19825
19455
19706
19749
19626
19899
19671
19799
19909
19982
19557
20860
19791
19706
19403
19935
19477
19904
19690
19600
19776
20023
19621
19560
19659
19496
19769
19687
19508
19847
19673
19291
20545
19402
19593
19722
19790
19740
19879
19393
19876
19800
19723
19521
19660
19572
19548
20018
19636
19279
19597
19420
19558
19784
19457
19488
19502
19761
20435
19976
19728
19848
19741
19448
19790
20140
19930
19632
20004
19564
20008
20220
19763
19397
19717
19993
20572
20199
19535
19359
19568
19142
19146
19747
19477
19711
19731
19740
19882
19614
20483
19343
19857
19298
19320
19682
19293
19584
20585
20157
19160
20507
19598
19465
19521
19224
19278
19639
19557
19834
19676
19709
19238
19299
20285
20326
19604
19671
19469
19426
19607
19558
19429
19816
20273
19619
19730
19416
19771
19392
19447
19554
19929
19740
19915
19620
19327
19683
19200
19658
19850
19819
19342
19453
19422
19553
19929
19580
19558
19679
19632
19509
19758
19686
19230
19657
20401
19633
19858
19473
19263
19555
19401
19533
19486
19991
19431
19708
19481
19737
19913
19492
19369
19580
19371
19809
19969
19913
19743
19769
19722
19533
20184
19570
19748
21235
19763
19575
19905
19910
19513
19703
19907
20920
20686
19869
19517
19971
19501
19649
19640
19893
19897
19495
19695
19409
19880
19961
19689
19822
19885
19064
19890
19606
19675
19956
19822
19491
19670
19952
19658
19834
20404
19497
19816
19923
19520
19822
19882
19652
19895
19463
19936
19660
19570
19801
19821
20045
19940
19722
19430
19953
19666
19865
19903
19776
19913
19455
20974
19637
19642
19885
19885
19424
19451
19967
19633
19670
19952
19800
19687
19474
19694
19950
19939
19412
20342
19796
19534
20046
19765
20442
19522
19444
19458
19769
19705
19613
20031
19792
19882
19828
19687
19596
19981
19411
19684
20035
19526
19627
19933
20369
20374
19994
20118
19593
19649
19928
18944
19712
19511
19436
19556
19570
19418
19528
19759
19398
19375
19572
19676
19757
19515
19341
19421
19431
19178
20007
19775
19258
19466
19308
19091
19992
20036
19619
19477
19407
19475
19811
19827
19507
19626
19532
19444
19595
20532
19344
19497
19506
19446
19843
19509
19192
19627
19309
19469
19868
19790
19567
19884
19707
19449
19481
19398
19397
19996
19496
19380
19500
19379
19192
19486
19855
19991
19484
19686
19809
19529
19617
20305
19284
19787
19389
20558
19303
19232
19388
19668
19550
19906
19669
19717
19485
19480
19334
19657
19647
19623
19866
20140
19805
20113
19773
19482
19836
20274
19889
19705
19924
19819
19808
19609
19449
19784
19852
19311
19642
19711
19602
20148
20057
21093
19661
19421
19505
19821
19629
19810
19758
19604
19772
19846
19795
19554
19781
19862
19477
19897
19508
19450
20783
19676
19846
19957
19664
19719
19856
19686
19897
20416
19700
19530
19516
19584
19667
19806
19690
19628
19462
19694
19836
20131
20092
19647
19892
19379
19763
19843
19570
19476
19774
19490
19290
19790
19722
19373
19748
19755
19838
19744
19853
19700
19742
19379
19452
19981
19862
19619
19949
19849
19446
19789
19903
19792
19820
19492
19628
19856
19855
19694
19924
19617
19641
20280
20239
19804
20065
19899
20703
20000
19830
20577
20048
19898
19514
19538
20982
19918
19993
20374
19221
19329
19584
19162
19663
19754
19438
19654
19505
20219
19569
19658
19621
19719
19601
19332
20399
19359
19486
19321
19721
19618
19472
19674
19066
19512
19480
19517
19817
19639
19667
19518
19401
19497
19726
19484
19785
19478
19680
19443
19540
19483
19254
19455
19731
19703
19363
19382
20106
19262
19412
19489
20023
20364
19748
19549
19590
19506
19454
19576
19800
20401
19612
19437
19380
19572
19505
19783
20066
19690
19576
19771
19617
19434
19590
19425
19911
19589
19653
19852
19358
19290
19774
19650
19367
19830
19893
19695
19786
19536
19739
19672
19225
20682
19882
19559
19533
19577
19954
19727
19929
20262
19889
20134
19590
19648
20019
19726
19892
19658
19716
20326
19962
19990
19371
19618
19488
19549
19891
20658
19567
20161
19718
20454
19777
19814
19865
19702
19678
19304
20035
19866
19516
19826
19523
19620
