22968
25273
19177
19171
19540
19570
19247
19563
19066
18903
19546
19235
19112
19255
19251
18984
19191
19313
18840
19206
19499
18981
19230
19284
18846
18964
19174
19247
19518
19120
18887
19236
19490
19018
19423
19454
20222
19354
19730
19033
19445
19962
19369
19130
20043
19413
19440
19247
19293
19643
19419
19330
19309
19564
19605
19374
20450
19320
19213
19630
19177
19498
19864
19333
19225
19482
19204
19527
19274
19366
19387
19296
18967
19448
19218
19114
19343
19227
20109
19739
19975
18851
19369
19309
19568
19206
19318
19292
19228
19199
18991
19158
19452
19493
19660
19627
19438
19861
19772
19285
19679
19686
19706
19592
19725
19251
19588
19442
19272
19678
19884
20134
19584
19542
19404
19702
19547
19196
19463
19870
19433
19423
19718
19343
19283
19268
19213
19506
19927
19047
19519
19316
19462
19585
19321
19381
19483
19558
19446
19558
19418
19004
19437
19397
19104
19247
19583
19265
19170
19583
19325
20016
19490
19313
19841
20255
19853
19719
19766
19649
19521
19781
19648
19581
19672
19516
19437
19409
19276
19607
19578
19427
19906
19541
19075
19500
19376
19317
19429
19614
19101
19578
19405
19125
20253
19362
19393
19394
19339
19940
19314
19467
19528
19243
19581
19138
19797
19589
19173
19520
19614
19256
19633
19529
19228
19346
19277
19126
19484
19445
19330
19466
19979
19491
19687
19678
19383
19289
19249
19074
19649
19318
19134
19506
19461
19143
19550
19507
20125
19270
19525
19309
19025
19569
19175
19574
19472
19117
19635
20065
19177
19458
19188
18972
19198
19557
19265
19278
19332
19124
19357
19305
19129
19223
19441
19005
19250
19358
19306
19134
19434
19018
19348
19444
19032
19054
19347
18973
19398
19568
19267
19365
19097
19153
19256
19752
19297
19154
19460
19720
19750
19511
19523
19527
19445
19459
19473
19681
18971
19414
19732
19395
19353
19841
19230
19612
19468
19305
19662
19176
19466
19418
19730
19076
19347
19264
19443
19316
19557
19255
19400
19351
20396
19897
19743
19426
19504
19416
19070
19451
19575
19016
19553
19565
19192
19220
19357
19195
19378
19555
19414
19492
20190
19189
19542
19378
19367
19214
19325
19398
19716
19727
19474
20590
19905
19505
19958
19454
19423
19612
19564
19380
19576
19891
19437
19416
19474
19291
19574
19659
19492
19169
19631
19053
19326
19609
19149
19546
19762
19259
19730
19467
19299
19641
19752
19380
19574
19704
19445
19329
19635
19103
19532
20317
19008
19450
19560
19341
19613
19736
19349
19699
19180
19224
19584
19460
19117
19475
19998
19774
20477
19598
19441
19462
19481
19474
19388
20052
19708
19335
19454
19339
19760
19795
19466
19371
19766
19314
19460
19588
19593
19458
19572
19695
19844
19628
19428
19647
19716
19410
20406
19407
19260
19160
19311
19359
19270
19429
19165
19364
19342
19075
19066
19140
19055
19123
19431
19201
19185
19441
18998
19256
19424
19047
19285
19637
19166
19036
19113
19151
19372
19374
19326
19180
19112
19358
19573
19238
19128
19270
19485
20242
19149
19460
19087
20408
19530
19520
19596
19310
19224
19275
19541
18994
19545
19395
19389
19716
19220
19672
19152
19175
19221
19642
19389
19210
19319
19216
18929
19110
19671
19327
19219
19231
19144
19390
19492
19186
19473
19495
19118
19413
19138
18812
19019
19338
19273
19271
19242
19039
19227
19298
18827
19477
19392
19240
20442
20505
20090
19684
19858
19297
19750
19742
19568
19724
19740
19289
19918
19483
19346
19720
19634
19257
19445
19899
19284
19412
19556
19347
19430
19630
19168
20665
19470
19207
19469
19576
19473
19200
19405
19308
19575
19479
19118
19533
19277
19304
19609
20026
19139
19371
19538
19728
19413
19428
19321
19144
19345
19169
19408
19203
19252
19301
19426
19240
20190
19680
19585
19721
19754
19657
19713
19807
19347
19630
19423
19447
19516
20640
19395
19458
19620
19382
19397
19697
19383
19369
19325
19429
19613
19596
19377
19523
19656
19103
19616
19600
19546
19406
19458
19340
19591
19999
19330
19262
19518
19330
20243
19534
19462
19641
20343
19640
19603
19523
19070
19368
19633
19284
19508
19500
19173
19426
19508
19404
19607
19361
18879
19471
19487
19271
19622
19507
19039
19450
19643
19045
19825
19446
19445
19272
19562
19218
19489
19559
19224
19114
19398
19289
19655
19552
19048
19156
19656
19109
19251
19503
19299
19245
19411
19465
19349
19314
20443
19158
19286
20161
19188
19306
19298
18914
19493
19002
19376
19377
19236
19142
20035
18993
19406
19534
19358
19456
19159
18898
19106
19315
19601
19438
19564
19685
19396
19347
19319
19280
19759
19160
19486
19451
19012
19264
19771
19410
20983
19418
19423
19594
19554
19307
19535
19478
19505
19741
19331
19546
19111
19630
19314
19565
19459
19269
19574
19793
19496
19639
19531
19270
19297
19350
19449
19350
19555
19145
19338
19588
19059
19451
19626
18954
20373
19325
19180
19393
19650
19007
19503
19404
19083
19408
19860
19433
19375
19166
19520
19699
19707
19543
19628
19414
19556
19436
19420
19463
19750
19474
19275
19712
19589
19335
19323
19810
19214
19215
19354
19573
19215
19438
19445
19615
19570
19290
19406
19564
19357
20184
19355
19246
19547
19626
19285
19133
19403
19425
19593
20429
19064
19224
19244
19006
19249
19714
19073
19214
19315
19200
19487
19348
19065
19501
19732
19006
19381
19501
19410
19490
19628
19393
19451
19707
19209
19704
19597
19443
19565
19634
19496
19567
19453
19305
19643
19932
19554
19689
19568
19314
19527
19532
19540
19475
20548
19351
19681
19522
19096
19133
19453
19240
19380
19682
19177
19506
19205
19951
19284
19047
19307
19023
19575
19705
19337
19279
19027
19161
19176
18969
19471
19496
19734
19234
19265
18892
19224
19223
18943
19071
19664
19012
19296
19104
19092
19299
19692
19058
19293
19390
19029
19290
19607
19249
19289
19545
19188
19497
19417
18948
19313
19335
19468
20833
19667
19151
19605
19408
19294
20194
19600
19228
19610
19300
19198
19481
19620
19014
19421
19330
19308
19118
19500
19127
19180
19404
20078
19405
19516
19136
19208
19394
19573
19107
19615
18950
19103
19308
18731
19500
19203
19257
19500
19361
19327
19977
19610
19463
19769
19596
19637
19832
19791
19356
19457
19756
19311
19552
19798
19150
20466
19677
19525
19465
19441
19433
19970
19692
19565
19331
19594
19409
19597
19352
19462
19519
19745
19340
19581
19783
19391
19508
19299
19106
