22527
23883
18643
18647
18742
18784
18740
18691
18564
18650
18296
18727
18523
18307
18836
18913
18425
18461
18413
18600
18973
18382
18525
18832
18493
18653
18724
18529
18610
18491
18799
18833
18868
18903
18489
18692
18823
18679
19269
18898
18629
18844
18534
18442
18931
18546
18723
18599
19899
18657
19989
18832
18929
19068
18610
18855
19445
18969
18414
18724
18735
18674
18764
19182
18445
19074
18523
18331
18770
18803
18568
18706
18770
18293
19093
18648
18436
18794
19863
18354
18708
18562
18758
18758
18784
18533
19152
18822
18538
18508
18331
18279
19058
19037
18482
18891
18841
19129
18698
18953
18442
19064
19027
18590
18616
19113
18787
18971
18541
18725
19004
18926
18700
19005
18629
18593
19023
18519
18770
18988
19085
18656
19025
18822
18972
18865
18540
18676
18932
18921
18473
19116
18857
18587
18835
18696
18776
19176
19102
18694
18917
18806
18884
19143
18661
19094
18997
18888
18725
19299
18761
19133
19390
18970
18579
18833
18700
18639
19092
19335
18844
18840
18640
18567
18699
18906
19049
18856
19074
18443
18710
18771
18912
18884
18957
18897
19102
18595
19163
18751
19100
18748
19132
18598
19158
18602
18702
18501
18741
19293
18685
18801
18836
18659
19106
19027
19075
19314
19586
19197
19071
19351
18686
18926
18942
19011
18915
18827
18912
18796
18730
18770
18871
19046
18776
19141
18450
18483
18516
18979
18820
18733
18810
18601
18654
18425
18761
18673
18790
18351
18813
18472
18082
18516
19875
18759
19544
18738
18703
19083
18593
18887
18606
18486
19555
18810
18917
18774
18714
18734
18558
18507
18720
18666
18797
18659
18383
18491
18589
18778
18658
18394
18779
18820
18842
18289
19071
19355
18542
18621
18895
18786
18693
18554
18575
18792
19149
18719
19263
18630
18452
18783
18759
18446
19030
19175
18889
18927
18371
18866
18694
18794
18576
19133
18380
18574
18929
18715
18604
18890
19907
18798
18892
18530
18684
18587
18415
18377
19153
18508
18945
19092
19598
19000
18859
19678
18860
18834
18966
19013
19342
18613
18712
18958
19130
18857
18765
18906
18902
19146
18898
18957
18755
18681
18534
19033
18798
18636
18880
18805
18810
19267
18806
19101
19029
18829
18758
18857
18901
18839
19234
19659
19085
18795
18998
18550
18725
19000
19028
18826
18657
18436
19474
19267
18510
18751
19453
18974
19201
18583
19190
18827
19138
18536
18457
18780
18386
18894
18312
18689
18721
18971
18849
18899
19161
18994
18768
18984
18964
19168
19862
18757
18909
19633
18595
19174
18760
18909
19147
18759
19082
18658
18915
19583
19233
18660
18955
18895
19007
18909
19208
18655
18955
19376
18676
18783
19128
18813
18886
18851
19308
18570
18533
19047
18778
19287
19503
18939
18993
18977
19000
18997
18567
18528
18822
18714
18639
18792
18414
18492
18799
18634
18580
18948
18370
18377
18509
18680
18421
18626
18476
18537
18807
18622
20304
18879
18813
18664
19049
18458
18759
19147
19478
18737
18977
18858
18660
18798
18739
18272
19141
18892
18479
18907
18433
18358
18350
18909
18471
19043
18964
18735
18879
18871
18652
19121
18619
19132
18825
18803
19239
18641
18971
18512
18803
18792
18923
18554
18796
18343
19091
18443
18853
19013
18953
18190
18854
18744
19567
18995
18945
18587
19192
18683
18375
18602
18727
18618
18675
18734
19452
18724
18585
18314
18708
18881
18366
19191
19461
19027
19037
20477
18967
19109
18844
18745
19127
18968
18419
18591
18519
18695
18967
18495
18959
18958
18850
18681
18946
18620
18866
18862
19107
18633
19297
18900
18701
18750
18795
18478
19832
18771
18690
18831
18895
18563
18726
18638
18970
19063
18601
18602
18770
19107
18945
19043
18829
18817
18544
18602
18946
18955
19709
19170
19113
18769
18694
18661
19529
18706
18782
18740
18591
18728
18986
18535
19140
18688
18807
19078
18669
18719
18756
18995
19306
18622
18797
19110
18947
18849
18728
19736
18888
18759
18793
18848
18758
18876
18773
18766
18747
19010
18761
19017
19000
18691
19069
18788
18841
19288
18866
18906
19659
19037
18592
18955
18588
18755
18959
18932
19179
18915
18965
18659
18964
18810
19055
18759
19025
18353
19744
19044
18799
18940
18673
18774
19036
18718
18761
18799
18813
18570
18609
18480
18453
18713
18403
18620
18723
19790
18916
19165
18338
18671
18769
18537
18602
18845
18899
18690
18835
18185
18476
18730
18835
18181
19200
18711
18723
18702
18555
18679
18824
18417
18554
18962
19681
18651
18760
19400
18842
18931
18833
18848
18351
18847
18414
18926
18688
18614
18515
18461
18363
18622
18795
18806
18828
18974
18876
19159
18453
18978
18693
18908
18899
18780
18766
18398
18985
18512
18528
18424
18651
19226
18827
18426
18559
18819
18488
18316
19008
18892
18826
19068
19120
18998
19189
18673
18703
19360
18889
18980
19188
19030
18644
19302
18989
18672
18743
18995
19287
19062
19829
18962
19705
18861
18773
19098
18660
18853
19000
18673
19082
18972
19045
18991
19056
18996
18649
19089
19073
18627
18900
18825
19212
18885
19159
18757
19093
19062
19050
18913
18928
18785
18841
18916
18279
18911
19332
18889
18933
18553
18774
19011
18631
18675
18717
18768
18679
18906
18678
19040
19127
18844
18790
19097
18541
19225
18976
18651
18872
18799
18991
18678
19073
18647
18644
18631
19358
18328
19282
18663
18896
19038
18841
18725
19123
18744
18856
18848
19107
19048
19067
19007
19467
18872
18816
19059
18744
18861
18481
19180
18860
18958
19154
19029
19064
19250
18966
18884
19186
20170
18980
19308
18833
18154
18909
18663
18549
18777
18614
18467
18844
18632
18618
18466
18879
18297
18771
19169
18499
18736
18723
18361
18972
18618
19576
19642
19402
19414
18476
18839
20482
19152
18821
18892
20155
18893
18506
18764
18524
18803
18710
18718
18532
18842
18447
18748
18918
18887
18676
18841
18832
18573
18665
18386
18731
18455
18814
18595
18711
18650
18638
18545
18882
20125
18955
19769
18463
18665
18810
18570
18857
18879
18515
19109
18575
18437
18543
18788
18624
18789
18709
18683
18599
18542
18744
19057
18518
18793
18914
18943
18418
18759
18689
18647
18981
18895
19172
18864
19023
18921
19126
18703
18744
18843
18913
18661
19081
18876
18732
18873
18720
18691
18957
18881
19276
18922
19031
18907
18955
18736
18740
18899
18872
18680
18763
19146
18615
19273
18677
18952
18804
18729
18758
19245
18599
18820
18902
18843
