21698
22855
18302
18097
18216
18447
18128
18044
18238
17922
17886
18075
18446
18212
18423
18424
18169
18242
17981
17909
18269
18211
18139
18425
18027
17962
18154
18059
18119
18204
18451
18346
18536
18351
18084
18343
18129
18102
18471
18174
18044
18252
17993
18043
18424
18077
18051
18784
18566
18471
18593
18445
18406
18684
18560
18268
19379
18386
18386
18590
18562
19180
18624
18320
18318
18528
18267
18275
18652
18505
18210
18462
18048
18417
18746
18412
18498
18625
18445
18335
18449
18267
18357
18488
18409
19002
18499
18225
18189
18282
18220
18178
18497
18271
18194
18486
18185
18232
18374
18689
18378
18591
18470
18316
18530
18370
18281
18466
18493
18498
18602
18232
18409
18491
18236
18157
18889
18700
18498
18782
18502
18546
18646
18525
18491
18823
18440
18546
18722
18660
18499
18585
18503
18688
18802
18528
19320
18792
18457
18526
18654
18468
18669
18810
18492
18541
18648
18523
18391
18615
18334
18539
18799
18474
18893
18659
18530
18394
18586
19277
18432
18495
18251
18204
18488
18201
18112
18425
18635
18543
18723
18606
18597
18740
18630
18458
19308
18491
18256
18510
18289
18274
18443
18198
18813
18912
18543
18578
18762
18497
18595
18659
18621
18497
18893
18739
18652
18853
18702
19270
18779
18418
18997
18641
18545
18481
18537
18294
18235
18486
18178
18629
18809
18642
18462
18692
18129
18057
18257
18174
18294
18469
18298
18196
18208
18165
17975
18654
18102
18257
18489
18162
18684
18428
18096
18044
18370
18414
18284
18560
18202
18084
18371
18153
18109
18304
18663
18459
18673
18477
18327
18458
18403
18371
18805
18457
18377
18548
18200
18231
18589
18447
18175
18773
18464
18432
18649
18432
18537
18624
18291
18396
18381
18289
18229
18308
18263
18249
18390
18032
18459
18666
18390
18480
18801
18563
18424
18576
18233
18565
18787
18476
18398
18744
18329
18361
18441
18104
18235
18501
18425
18254
18568
18345
18145
18291
18401
18366
18732
18466
18434
18627
19205
18422
18710
18599
18576
18628
18513
18449
18568
18477
18255
18454
18584
18665
18791
18462
18913
18695
18400
18462
18822
18467
18534
18641
18617
18414
18623
18391
18221
18590
18441
18272
18528
18309
18358
18452
18280
18164
18559
18232
18325
18515
18284
18314
18370
18233
18529
18771
18371
18361
18675
18456
18387
18542
18369
18621
18726
18533
18441
18629
18495
18355
18541
18681
18629
18841
18470
18412
18737
18470
18394
18703
18578
18527
18727
18603
18477
18668
18575
18333
18552
18738
18653
18781
18646
18582
18687
18435
19144
18645
18310
18285
18645
18376
18183
18490
18176
18208
18818
18729
18547
18698
18414
18468
18667
18429
18349
18814
18743
18600
18726
18468
18411
18606
18290
18778
18889
18742
19386
18816
18357
18220
18378
18317
18224
18459
18116
18157
18330
18032
17960
18163
18167
18429
18700
18585
18451
18517
18223
18116
18487
18251
18217
18499
18126
18084
18258
18181
18108
18271
18533
18433
18458
18397
18133
18398
18201
18136
18423
18355
18237
18392
18159
18223
18539
18240
18186
18518
18303
18215
18429
18239
18209
18414
18271
18060
18715
18350
18386
18525
18556
18484
18591
18244
18432
18720
18389
18533
18723
18525
18340
18593
18226
18178
18419
18317
19069
18415
18292
18192
18220
18164
18406
18544
18448
18322
18585
18308
18125
18390
18458
18466
18791
18513
18417
18665
19195
18444
18671
18661
18313
18566
18441
18186
18467
18314
18218
18469
18729
18399
18557
18324
18383
18534
18172
18131
18691
18541
18301
18563
18344
18329
18573
18312
18253
18893
18590
18558
18782
18654
18545
18633
18474
18378
18663
18356
18340
18631
18298
18422
18459
18417
19064
18828
18501
18539
18716
18513
18430
18651
18300
18372
18641
18305
18287
18441
18411
18159
18398
18292
18468
18557
18250
18204
18468
18186
18160
18353
18474
18449
18671
18587
18473
18653
18497
18397
18458
18741
18540
18746
18541
18479
18694
18436
18263
18584
18256
18388
18556
18231
18244
18421
18362
18198
18952
18716
18629
18802
18657
18473
19424
18389
18479
18784
18669
18550
18727
18411
18406
18572
18272
18727
18971
18803
18584
18824
18273
18162
18503
18275
18524
18772
18525
18413
18549
18448
18238
18398
18388
18181
18418
18147
18126
18298
17910
17869
18224
18441
18444
18632
18271
18293
18463
18344
18273
18513
18620
18418
18590
18460
18341
18448
18694
18326
18503
18419
18481
18518
18230
18248
18597
18396
18221
18547
18161
18211
18358
18213
18274
18379
18073
18237
18590
18487
18280
18509
18443
18310
18455
18137
18050
18744
18453
18419
18713
19291
18488
18599
18230
18519
18717
18491
18469
18649
18385
18332
18456
18184
18498
18658
18613
18448
18675
18568
18270
18431
18480
18412
18787
18422
18414
18675
18500
18404
18619
18645
18591
18698
18520
18491
18596
18520
18263
18543
18379
18285
18524
18233
18979
18467
18152
18217
18619
18325
18391
18542
18438
18364
18449
18309
18069
18723
18564
18421
18685
18351
18405
18530
18343
18286
18806
18537
18589
18769
18460
18563
18747
18479
18344
18568
18244
18206
18451
18269
18273
18613
18259
18505
18670
18507
18389
18517
18427
18239
18486
18190
18597
18790
18484
18453
18809
18435
18439
18725
18579
18414
18760
18537
18421
18641
18523
18260
18481
18802
18583
18851
18691
18615
18763
18392
18452
18555
18284
18228
18564
18416
18206
18474
18261
18228
18762
18574
18542
18705
18350
18381
18589
18539
18288
18711
18648
18481
18602
18333
18300
18504
18279
18246
19460
18569
18424
18586
18014
18039
18164
18022
18253
18461
18190
18079
18265
18028
17925
18212
18094
18331
18526
18402
18232
18419
18019
17997
18343
18206
18211
18434
18881
17988
18190
18098
18060
18278
18623
18509
18671
18415
18264
18486
18268
18239
18547
18417
18328
18528
18237
18344
18616
18219
18405
18444
18275
18194
18348
18191
18159
18389
18215
17997
18677
18343
18491
18520
18601
18453
18588
18278
18130
18664
18417
18362
18721
18530
18340
18581
18237
18430
18703
18502
18522
18664
18499
18427
18429
18358
18295
18469
18390
18264
18452
18155
18121
18301
17960
18179
18536
18221
18208
18384
18281
18211
18417
18604
18389
18678
18455
18289
18499
18428
18295
18455
18550
18461
18538
18276
19073
18499
18189
18173
18356
18639
18392
18634
18317
18453
18552
18426
18296
18651
18325
18392
18524
18457
18312
18478
18324
18201
18722
18425
