15375
11796
11274
11626
11704
11439
11483
11899
11549
11384
11776
11557
11435
11971
11897
11434
11921
11732
11729
11680
11725
11543
12093
11905
11789
11464
11458
11312
12654
11459
11651
11946
11611
11796
11893
11606
11514
11770
11684
11680
11620
11902
11386
11746
11655
11731
12031
12121
12009
12090
11539
11599
11909
11638
11564
11919
11589
11399
11791
11629
11782
12114
11676
11615
11673
11584
11654
11772
11974
12122
12046
12011
11890
12042
11752
11534
12240
11923
12140
11781
11752
11911
11564
11602
11574
11977
11912
11766
11880
11756
11452
11824
11569
11986
11801
11928
11809
12259
11967
11794
11998
12060
11782
12266
11571
11667
12104
11731
11781
11913
11874
11711
11986
11809
11847
12123
11804
11863
12012
11737
11615
12007
11902
11993
12182
11940
11943
11933
12003
12726
11961
11679
11993
11940
11888
11638
12074
12014
11813
12066
11673
11757
12140
11709
11619
12079
11811
11704
11992
11608
11897
11918
11813
11658
12370
11738
12109
12275
11856
11729
11953
11878
11659
11957
11875
11582
12196
12070
11750
12119
11718
11740
11919
11767
11804
11898
11856
11941
12114
11959
11710
11966
12353
11707
11908
11608
11514
11957
11749
11761
11812
12015
11917
11964
11905
12027
12011
11715
11938
11968
12069
12051
12193
11895
11826
12297
12104
12123
12107
11798
11956
12236
12007
11857
11862
12133
11358
11641
11429
11364
11936
11718
11628
11925
12020
11721
11921
11458
11922
11804
11925
11756
12223
11627
12081
12047
11584
11600
11842
11482
11373
11884
11713
11626
11743
11649
11563
11887
11581
11402
11820
11386
11570
12071
11642
11923
12009
11756
11511
12014
12030
11803
11766
11373
11366
11850
11346
11564
11997
11777
11841
11982
11627
11713
11719
11629
11937
11837
11845
11790
11976
11810
11707
12131
11887
11719
12037
12069
11421
11823
11350
11727
12032
11414
11686
11912
11549
11617
11914
11426
11780
12129
11888
11795
11923
11835
11681
11746
11997
11711
12010
12062
12194
12344
12092
11810
11965
11560
11809
12048
11835
11689
12037
11789
11555
12044
11997
12867
12382
11797
11906
11972
11878
12016
12038
11905
12020
12222
11964
11890
11888
11623
11522
11728
11839
11619
11993
11744
11920
12038
11674
11684
12178
11860
11912
11937
11995
11705
12070
11752
11860
12169
11697
11864
12280
11991
12012
11808
11876
11635
11970
11700
11911
11902
11928
11516
11789
11569
11716
11901
11606
11962
11873
12048
11821
11972
11824
11647
12142
12050
11826
11994
11812
11455
11921
11681
11747
12037
11906
11666
12279
11697
11678
12063
12022
11691
11828
11835
12136
12043
11713
12280
12306
11882
12036
12147
11816
12098
12047
11768
11901
11897
11976
11847
12191
11936
11983
11846
11640
11765
12044
12020
11728
11691
11425
11737
12020
11768
11524
11996
11860
11710
11703
11541
11638
12223
11717
11420
11877
11592
11318
11976
11625
11408
11897
11904
11371
11944
11624
11694
11755
11755
11782
11871
11705
11639
11677
11656
11857
12014
11896
11619
11660
11520
11474
11712
11707
11660
11897
11635
11501
11766
11505
11521
12171
11753
11629
11899
11645
11439
11958
11549
11986
12169
12054
11710
12136
11591
11563
12229
11658
11839
11966
11569
11426
11977
11351
11543
12154
11471
11818
12004
11951
11535
11993
11679
12099
12063
11993
11871
11875
11621
11587
11831
11655
11600
12564
11757
11944
12058
12011
11782
11838
11692
11765
12074
11965
11624
12214
11621
11947
11912
12055
12001
12160
11963
11793
12022
11855
11847
11978
11450
11678
11896
11616
11824
12049
11742
11749
11950
11828
11984
12053
11933
11709
12262
11762
11671
12189
11843
11804
12192
11928
11765
11973
12167
11740
11958
11502
11784
12024
11728
11836
12079
12393
11692
12196
11695
11844
12066
11947
11577
11853
11925
11726
12136
11787
11897
12093
11962
11918
11986
11654
11632
11773
11523
11597
12007
11464
11886
11919
11553
11779
12000
11935
11857
12002
11711
11789
12088
11857
11800
12192
12062
11864
12236
11980
11994
12274
12043
11684
12024
12100
11783
12051
11842
11888
11963
11829
11806
12183
11821
11885
11914
12086
12039
12012
11878
11911
11837
11771
11717
11841
11838
11664
11854
11694
11678
11738
11208
11660
11647
11552
11370
11575
11402
11378
11889
11416
11643
11993
11801
11603
11876
11820
11499
12039
11666
11773
12113
11753
11534
11736
11577
11435
11704
11673
11581
12020
11696
11366
11556
11901
11604
11924
11445
11412
11924
11572
11800
12155
11824
11728
11935
11734
11763
12031
11971
12392
11687
11717
11552
11789
11529
11429
11953
11482
11865
12116
11639
11903
11744
11488
11893
11824
11640
11818
11948
11859
11753
12065
11853
11875
12091
12553
11370
11847
11715
11471
11631
11660
11462
11946
11940
11863
12183
12035
11601
11888
11745
11811
12014
12001
12478
11998
11995
11725
12290
12110
11698
12414
12142
11729
11750
11756
11579
11940
11809
11770
12251
11840
11894
11854
11568
11660
12086
12081
11755
12105
11661
11773
12243
12102
11975
12116
11837
11907
12042
11975
11707
11814
11967
11534
11728
11705
11648
11940
11631
11847
12070
11777
11799
11905
11922
12203
12114
12088
11702
11938
11848
11968
12301
11748
11983
12150
11679
11738
11954
12074
11480
12019
11797
11561
11844
11705
11551
11929
11689
11737
11982
11807
11925
12211
12163
12027
12178
12103
11750
12217
11972
11797
11798
11657
11849
11821
11541
11881
12189
11561
11998
12107
11940
11803
12136
12137
12106
12132
11808
11942
12230
12105
12067
12049
12154
11898
11917
11471
11984
11677
11511
11567
11837
11538
11517
11612
11338
11693
11875
11778
11417
11714
11644
11748
11948
11975
11612
11984
11771
11980
11777
11840
11670
11555
11388
11581
11838
11387
11455
11578
11268
11800
11721
11897
11675
11606
11714
11468
11805
11630
11835
11852
11699
11695
11987
11801
11950
12161
12132
11642
11911
11452
11523
11828
11523
11694
11800
11891
11822
11719
11547
11637
11665
11749
11757
11806
11767
11422
12027
11757
11546
11984
11957
12017
12087
11773
11842
11784
11317
11650
11753
11765
11719
11627
11664
11670
11745
11623
11623
12029
11914
11650
12211
11863
11901
11954
11788
11959
12176
11940
12060
12269
11737
11552
11726
11631
11575
11963
11713
11827
11821
11844
11797
12014
11573
11900
12184
11882
11965
11930
11733
11704
11950
11976
12046
12196
12113
11804
11951
11912
11655
