22466
23240
18546
18493
18302
18503
18460
18363
18299
18631
18377
18207
18472
18211
18459
18648
18466
18514
18113
18105
18640
18401
18273
18635
18501
18416
18258
18502
18141
18486
18781
18297
18211
18535
18346
18408
18493
18491
18520
18332
18302
18115
18321
18675
18456
18505
18547
18695
18400
18232
18506
18569
18447
18600
18580
18459
19196
18698
18378
18484
18859
18577
18691
18392
18163
18155
18276
18363
18626
18618
18433
19616
18409
18090
18595
18587
18465
18267
18646
18560
18692
18673
18242
18255
18721
18252
18496
18632
18494
18173
18430
18269
18627
19294
18560
18842
18494
18680
18533
18781
18526
18869
18847
18175
18580
18870
18380
18560
18845
18543
18644
18587
18504
18598
18616
18511
18714
18474
18501
18750
18611
18724
18694
18380
18577
18574
18528
18383
18810
18689
18339
18779
18788
18410
18622
18603
18410
18532
18619
18421
18740
18873
18378
18341
18482
18524
18612
18738
18839
18336
18581
18366
18435
18731
18322
18348
18380
18508
18657
18999
18327
18948
18602
18553
18816
18484
18385
18518
18346
18084
18616
18558
18626
18572
18886
18202
18465
18527
18357
18676
18836
18323
18679
18913
19079
18604
18770
18288
18779
18662
18446
19987
18774
18701
18674
18532
19202
18977
18816
18322
18903
18792
18514
18548
18831
18508
18846
18728
18550
19395
18738
18561
18904
18987
18576
18624
18544
19134
18489
18577
18468
18210
18626
18242
18230
18321
18503
18496
18556
18148
18423
18441
18396
18780
18295
18199
18639
18412
18496
19296
18342
18214
18487
18273
18491
18632
18762
18204
18477
18454
18460
18604
18620
18198
18226
18383
18214
19423
18578
18563
18470
18303
18033
18381
18864
18238
18266
18456
18965
18654
18700
18325
18655
18306
18283
18221
18724
18208
18885
18693
17967
18431
18526
18535
18361
18813
18557
18539
18572
18576
18669
18529
18633
18265
18616
19027
18509
18661
18392
18467
18460
18624
18605
18999
18409
18516
18490
18228
18764
18442
18279
18570
19624
18413
18527
18502
18310
18444
18785
18188
18402
18982
18728
18566
18637
18205
18594
18545
18228
18741
18599
18631
18624
18675
18433
18872
18775
18770
18859
18660
18118
18721
18468
18334
18855
18835
18134
18664
18934
18451
18517
18912
18495
18318
18824
18577
18465
18613
18335
18743
18609
18432
18541
18670
18561
18271
18460
18216
18572
18785
18538
18576
18846
18729
18632
18759
18476
18573
18541
18215
18439
18548
18595
18791
18882
18230
18696
18462
18587
18641
18856
18365
18446
18793
18487
18587
18892
18619
18519
18621
18962
18434
18798
18544
18596
18836
18163
18541
18819
18459
19065
18632
18518
18731
18804
18613
18913
19058
18353
18641
18578
18576
18654
18939
18177
18405
18742
18657
18695
20382
18870
18740
18455
18670
18507
18320
18424
18500
18347
18359
18157
18380
18213
18660
18589
18085
18449
18576
18313
18563
18661
18139
19145
18565
18367
18584
18781
18356
18185
18596
18349
18562
18586
18224
18267
18495
18428
18449
18713
18489
18423
18339
18197
18216
18509
18037
18615
18357
18343
18458
18557
18736
18485
18317
18433
18603
18642
18205
18422
18898
17899
18236
18648
18578
18639
18737
18503
18088
18317
18084
18541
18570
18574
18578
18239
17993
18424
18708
18553
18412
18442
18347
18423
18730
18455
18690
18702
18414
18640
18755
18180
18524
18376
18287
18593
18869
18431
18682
19635
18506
18605
18480
18590
18609
18951
18647
18386
18787
18534
18501
18613
18557
18323
18714
18263
18905
18785
18334
18625
18582
18186
18349
18537
18370
18765
18712
18338
18457
18652
18359
18744
19003
18288
18537
18705
18372
18489
18559
18368
18373
19128
18562
18725
18639
18572
18603
18449
18245
18600
18634
18597
18813
18633
18225
18370
18764
18326
18603
18678
18259
18669
18790
18422
19385
18525
18440
18632
18488
18512
18915
18760
18199
18515
18565
18741
18677
18806
18578
18545
18580
18705
18393
18679
18495
18670
18457
18422
18313
18812
18608
18872
18784
18509
18724
18913
18484
18970
18537
18398
18831
18674
18566
19602
18801
18194
18547
18816
18407
18862
18787
18515
18500
18715
18410
18702
19027
18579
18667
18609
18076
18423
18289
18413
18530
18355
18187
18416
18445
18252
18619
18270
18416
18631
18625
18363
18621
18429
18112
18213
18356
18264
18430
18730
18499
19103
18218
18563
18603
18428
18552
18288
18422
18227
18164
18686
18196
18131
18661
18283
18549
18551
18285
18558
18328
18183
18198
18595
18564
18493
18436
18122
18520
18640
18266
18855
18775
18487
18289
18374
18522
18708
19222
18266
18335
18305
18479
18722
19532
18708
18561
18438
18114
18346
18598
18664
18927
18440
18138
18423
18690
18325
18459
18802
19018
18294
18435
18158
18442
18661
18448
18564
18546
18408
18685
18830
18521
18483
18727
18337
18521
18825
18321
18586
18514
18615
18373
18604
18495
18831
18617
19135
18422
18607
18753
18852
18441
18429
18595
18646
18618
18859
18873
18544
18469
18591
18284
19037
18762
18986
18421
18558
18630
18601
18623
18675
18436
18675
18614
18411
19071
18786
18412
18569
18290
18274
18494
18400
18613
18599
18533
18294
18721
18234
18482
18717
18461
18652
18626
18582
18568
18598
18324
19279
18497
18782
18670
19141
18801
18500
18609
18321
19019
18733
18617
18245
18599
18391
18456
18799
18454
18815
18390
18420
18337
18792
18361
18904
18740
18104
18548
18762
18406
18898
18954
18262
18701
18637
18654
18860
19854
18476
18324
18842
18525
18816
18875
18690
19361
18680
18791
18619
18875
18550
18738
18292
18220
18525
18336
18597
18387
18511
18357
18240
18525
18309
18546
18509
18502
18108
18612
18211
18554
18604
18661
18531
18718
18284
18593
19033
18397
18406
18377
18302
18467
18442
18436
18197
18364
18201
18771
18513
18188
18418
18590
18216
18359
18557
18178
18672
18588
18318
18358
18557
18457
18317
18745
18327
18571
19184
18262
18707
18397
18459
18394
18346
18572
18659
18711
18420
18800
18607
18457
18482
18541
18650
18584
18221
18402
18182
19029
18525
18500
18594
18555
18464
18342
18348
18237
18898
18453
18427
18553
18119
18611
18709
18151
18410
18454
18306
18701
18585
18749
18716
18409
18372
18712
18600
18414
18991
18769
18526
18347
18632
18724
18942
18746
19183
18494
18630
18423
18740
18610
18227
18573
18941
18625
18768
18784
18441
18579
18566
18504
18807
18844
18508
18482
18654
18505
18633
18889
