17956
16342
13902
14118
14208
13789
13957
13922
13780
14071
14037
13787
13922
14195
13958
14093
13948
13815
14309
14159
14463
14128
14150
13612
14005
14113
14109
14008
14323
14019
14244
14330
13526
13813
13958
13729
14092
13991
13965
14204
14192
13788
14070
14011
13732
14055
14123
13791
13834
14078
13844
14093
14347
13929
13936
14228
14407
13714
14004
13806
13806
14188
13927
14298
14174
13647
13806
14376
14225
14082
14425
13808
13952
13854
13553
13683
14081
14063
14447
14265
13933
14003
14216
13733
14102
14126
13919
13883
13845
13809
14071
14103
14025
14292
14338
14050
15422
14438
13990
14049
14358
13861
14216
14123
14154
14006
14115
13873
14103
14446
14046
14005
14138
13833
14267
14528
14136
14215
14122
14162
14300
14194
14070
14016
14191
13676
14003
14220
13850
14394
14369
14072
14201
14500
14211
14513
14504
13989
14205
14088
13795
14070
14330
14117
14173
14042
14050
14536
14266
14248
14078
13996
14310
14120
13980
14075
14498
14332
14329
14366
14375
14137
14356
13953
13894
14073
14127
14035
14064
14271
14081
14276
14103
14022
14239
14393
14033
13909
14155
13747
14263
14399
14162
14293
14508
13904
14320
14416
14233
13956
14208
13741
14240
14093
14006
14291
14395
14215
14032
14433
14311
14298
14225
14064
14134
14296
13935
14304
14128
13924
14219
14130
14171
14121
14645
14065
13914
13972
13766
13794
14015
13784
13903
13913
14149
13926
14315
13666
14065
14087
13710
13847
14015
13671
14013
13993
13856
14086
15100
13841
14202
14261
13821
13796
13813
13809
13769
14166
13638
14009
14004
13853
14205
14292
14031
14144
13707
13460
13889
13911
13982
14305
14191
14008
14026
14442
13847
14048
14008
13809
13784
13915
13800
13799
14113
13820
13960
14235
14147
14140
14421
13765
13752
13799
14115
13880
14115
13965
14058
14188
13874
14347
14330
13931
13799
14112
13611
13874
14089
13837
13973
14095
13772
14028
14110
13681
14404
13849
13896
13983
14180
13661
14293
14381
14007
14383
14180
14117
14235
14214
13920
13994
14263
13974
14237
14312
14272
14157
14188
14250
14382
14379
13919
14060
14269
13686
14288
14116
14030
14314
14826
14141
14021
14433
14346
14303
14741
13882
14095
13982
13715
14217
14155
13962
14024
14394
14276
14235
14295
14112
14023
14161
13872
13950
14292
14140
14126
14278
14175
14289
14381
14145
14415
14186
14026
14100
14232
13849
13925
13964
13888
14352
14254
13965
14223
14155
14232
13895
14310
13722
13915
14338
14082
14419
14117
14046
14064
14373
14061
14111
14495
13941
13991
14353
13917
14339
14174
13921
14327
14265
14095
14248
14450
13896
14182
14164
13842
14176
14095
14166
14276
14485
14236
14181
14559
13813
14255
14484
14144
13932
14099
14133
13964
14074
14009
14232
14290
13976
14175
13856
13860
13931
14018
13614
14364
14180
14106
14153
13858
13735
13972
14511
14064
13676
14162
13602
13771
14163
13752
13949
14198
14187
14226
14230
13707
13976
14001
13563
14100
14194
13797
14155
13922
13646
14231
14123
13813
14119
14020
13558
14049
14106
13659
14095
14222
13978
14145
14254
13829
14074
14020
13943
13773
14217
13919
14006
13835
13963
13966
13851
13891
14142
14206
14049
13976
13899
13738
13784
14183
13813
14150
13995
13627
13996
14169
13890
14119
13964
13698
13952
13876
13862
14083
14054
14045
14914
14155
14006
14661
14354
14407
13990
13982
13751
14162
14213
14047
14262
14394
14192
14192
14089
14337
14366
13963
13710
14254
14195
14074
14184
14266
13949
14427
14281
14193
14304
14245
13800
14021
14234
13990
14194
14251
14229
14211
14105
14280
14119
14205
14346
14425
14213
13946
13862
14136
13995
13859
14273
14052
14033
14181
14233
14121
14400
13968
14223
14060
14152
14283
14351
14032
14006
14048
14045
14323
14362
13939
14128
14264
13857
13986
14128
14079
14049
14272
13911
14610
14398
14065
13919
13977
13844
14298
14305
14105
14031
14126
13932
14325
14311
14123
14434
14647
14087
14130
14234
13778
14183
14318
14262
14274
14299
14542
14328
14494
14233
14131
14116
13762
14055
14360
14098
14253
14328
14259
14345
14503
14192
14099
13714
13615
13828
14149
13678
14077
14174
13622
13979
13927
14030
14220
14179
13595
13782
13793
13816
13786
14112
13965
14105
14299
13913
13975
14028
14189
13608
13958
14060
13868
14009
13602
13983
14191
13534
13945
14132
13956
14308
13989
13502
13995
13988
13726
14168
13936
13807
13931
13918
13785
13988
14160
14120
13920
13969
13770
13689
13824
13849
14153
14276
13865
14282
14245
13830
14029
13976
13793
14059
14299
13751
13799
14178
13889
14223
14243
13942
14298
14463
14240
13824
14087
13895
14057
14303
13999
13949
14159
13940
14181
14237
14140
14076
13915
13645
13947
14082
13979
14072
14398
14082
14409
14368
14082
14380
14082
13984
14190
14424
14290
14281
14544
13917
14372
14183
14081
14343
14183
14143
14264
14242
14006
13994
14272
14051
13964
14226
14060
14335
14417
14168
14122
14171
13907
14108
14020
14044
14167
14136
14015
13985
14365
14272
14232
14092
13850
13762
14047
14248
14453
14008
14027
14251
14308
13859
14310
14437
14236
14175
13958
13892
14031
14203
14106
14462
14368
14010
14348
14335
13895
14453
14197
13792
14296
14248
13932
13907
14260
13751
14388
14395
14179
14093
14472
13851
14021
14005
14245
14508
14088
14085
14141
14216
13935
14346
14485
13951
14122
14207
13965
14145
14279
13868
14066
14205
14173
14435
14369
14284
14469
14438
14330
14542
14261
14156
13648
13944
13847
14127
14248
14011
14258
14161
13760
13727
14033
13596
13825
14014
13841
13846
14196
13883
14200
13970
13999
14258
13955
13811
14075
14044
13835
13925
14165
13723
14224
13980
13670
14115
14007
13418
14063
13972
13864
13842
14048
13858
14089
14080
13964
14254
14102
14033
14197
13880
13629
14099
14011
13955
13837
14073
13730
14197
14157
14052
14146
14025
13868
14320
13791
13639
13838
14112
13859
14253
14303
13887
14050
14006
13693
13744
14131
14048
13988
14195
13776
13931
14135
14043
14091
14689
14183
14264
14133
13660
13894
14083
13870
13970
14039
14015
14263
14501
14256
14347
14044
13865
14150
14213
13973
13986
14049
14145
14505
14339
13893
14224
14723
13945
13947
14049
13831
14000
14239
13927
14281
14498
13938
14009
14265
13981
14298
14496
13901
13910
14248
14161
14124
14177
14136
14134
