17685
16069
13981
14209
14197
13893
13907
13923
13569
13983
14133
13726
14216
13844
13937
14113
13938
13908
13974
13789
13597
14156
14207
13988
14184
13961
13855
13934
13865
14178
14105
13806
13608
13962
14034
14028
14000
13913
13814
13744
13690
13876
13902
14067
13835
14093
14238
13907
14211
13874
13616
13744
14238
14247
14148
14187
14248
13915
14221
13884
14670
14418
13930
13838
13953
13768
13904
13921
13809
14072
13827
14169
14099
13887
13933
14032
14208
14261
14212
14352
13735
13899
13766
13902
14269
14386
13999
13973
13783
13798
13811
14052
13848
14273
13992
14081
14366
14128
13935
13994
14231
14116
14309
14061
13759
14177
13895
14094
14594
14124
13992
13928
14348
14075
14129
14532
14067
14322
14189
14078
14490
14301
14175
14312
14317
14052
14297
14373
14142
14638
14127
14041
14442
14103
14094
14210
14268
13927
14368
14186
13808
14191
13977
13828
13957
13849
14113
14029
14361
14122
14036
14265
13965
14179
13954
14054
14202
14137
14384
14302
14105
13827
14257
14024
13878
14404
14103
13983
13878
14080
14178
14177
14321
14046
14334
14111
13861
14233
13961
13983
14016
14335
14063
14082
14488
13887
14161
13998
14042
15235
14282
14185
14231
14297
14239
14290
14202
13966
14423
14206
14150
14332
14046
14061
14062
14256
14102
14407
14244
13836
14223
13917
14164
14470
14296
14403
14063
13934
13497
14074
14004
13819
14061
13831
13595
14281
14023
14004
14126
14227
13921
14270
14084
13854
13865
13610
13693
13739
13915
14145
14090
13894
13495
14115
13937
13886
14040
13714
13558
13797
13698
13982
14159
14061
13852
14220
14002
13774
14154
13985
13932
14060
13920
13820
13828
14228
13974
14077
13981
13852
14352
14092
14038
13972
13697
14076
14157
14232
13967
14049
13648
13826
13994
13714
13882
13885
14216
13855
13930
13801
13650
14173
14066
13914
14100
13885
14058
14014
14021
13587
14383
14207
14042
14090
13730
13766
14098
13870
13919
14040
14071
13916
14427
14471
14007
14305
14075
13961
14446
14085
14400
14257
14264
14148
14068
14164
13850
14388
14132
13955
14022
14085
13898
13999
14298
14004
14133
14131
13784
14411
14226
13931
13958
14213
14342
14625
14258
14104
14073
14342
14138
14426
14240
14102
14241
14134
14198
14370
14365
14131
14059
13894
13815
14365
14198
14045
13982
14239
14399
14308
14060
13809
14370
14206
13959
14430
14088
13911
13910
13907
14234
14267
14290
14184
14214
14064
13796
14129
13886
14048
13968
13948
13665
14232
14057
13711
14397
14154
14161
14438
14565
14196
14150
14258
13823
14066
14250
13852
14260
14070
14157
14531
14324
14088
14069
14101
13987
14061
14217
14035
14297
14036
13970
14037
14282
13960
14054
14098
13870
14588
14942
14065
14217
13952
14035
14013
13879
14011
14028
13955
13579
14036
13929
13569
14279
14024
14090
14033
13974
13884
13875
13751
13665
14189
14279
14051
13956
13780
13849
13900
13873
14249
14478
14121
15319
14089
13808
13944
14237
13847
13984
13848
13693
13868
13898
13805
14040
13987
13506
14295
14135
13842
13939
13842
14183
14353
14221
14070
13840
14195
13853
13981
14442
14027
13928
13857
13785
13881
14080
14080
14038
14356
13988
14027
14453
13945
13984
13899
14042
14106
14338
14060
14058
14060
13644
14234
14489
13977
14099
13931
13989
13925
14077
13951
14011
14175
13619
13993
14353
14063
14449
14297
13987
13925
14419
14288
14238
14404
13862
14272
14249
13765
14030
13960
13924
13966
14386
14180
14149
14262
13938
14091
14035
13971
14440
14398
14066
14206
14352
13898
14287
14433
14089
14317
14183
14147
14284
14232
14138
14092
14148
13766
14132
14441
13940
14158
13978
13870
14072
13938
13972
13998
14297
13976
14010
14106
13758
14112
13990
14060
14028
14318
14176
14023
14236
13816
14050
14529
14013
14244
14168
13773
13913
14262
13998
14110
14290
13819
14112
14174
13832
14211
14272
14669
13909
14023
14194
14122
14322
13791
14051
14214
13781
14392
14336
14245
14179
14334
14321
14332
14378
14006
14527
14187
14146
14277
14325
14113
14020
14107
14055
14133
14445
14074
14302
14329
14235
14269
13883
13793
13707
14072
13749
13882
14277
13854
14151
13990
13836
14119
14008
13963
14016
14073
13561
14022
14058
13557
14100
14109
13910
13991
13802
13898
13961
14100
13861
14035
14313
13934
13904
13789
13578
13836
13880
13754
13697
14187
13690
13965
14097
13826
14227
14169
13881
13915
14132
14062
14044
14217
13888
14254
14122
13727
14052
13841
13726
13689
13985
14067
14044
14318
13744
13787
14284
13904
13954
14269
13841
14016
13913
13721
13747
14230
13976
14113
13978
14097
13995
14116
13951
13920
14287
14442
14272
14412
13943
14185
14005
13854
14167
14054
14194
14024
14149
14078
14143
14397
13894
14535
14191
14058
14096
14057
14293
14104
14107
13776
14112
14134
14218
14298
14288
14106
14234
14105
14128
14223
14139
13839
14269
14498
14004
14253
14154
14117
14101
14063
14267
14171
14428
14041
13856
14283
13879
14157
14024
14083
13964
14115
13975
13976
14032
13770
14242
14139
13737
14347
14199
13781
13848
14044
13871
14022
14411
13988
14290
14524
14063
14226
14207
13809
13808
14054
14118
14130
14065
13655
14024
13953
13929
14039
14012
14021
13880
14355
14106
14149
14445
13959
14021
13968
13772
14356
14228
14045
14156
14100
14256
14201
14248
13859
14120
13986
13823
14226
14060
14016
14260
14227
13871
14002
14443
14072
14317
14235
13863
14350
14369
14236
14210
14277
13835
14134
14122
13667
13860
13921
13825
14334
14103
13856
13855
13869
13537
13836
14198
13771
13899
13878
13813
13624
13921
13778
13945
14315
13755
13804
14581
13755
14121
13967
13912
14045
13889
13735
13812
14111
13796
13777
14212
13837
14055
13859
13726
13552
13798
13737
13852
14087
13608
14133
14020
13885
14173
14064
14016
14010
14106
14038
14447
14005
13678
13866
13940
13818
14196
14147
13851
13919
13949
13944
13901
14112
13736
14134
13857
13928
13944
13853
13996
14141
14253
14014
14056
14281
13780
14207
14130
13753
14220
14153
14067
13914
14124
13709
14029
14398
13912
14155
14258
13853
14264
14167
14175
13979
14303
13902
14063
14418
14022
14018
13929
14049
14155
14068
14305
13997
14385
14084
14312
14294
13930
14205
14277
14022
14007
14341
14127
14208
14173
13772
14415
14272
14107
14071
13961
14140
14031
14026
