17879
16260
14288
13746
13843
13578
13833
13735
14049
14169
13894
13861
14209
13929
13915
14174
13786
13888
14082
14028
13968
14091
14027
13878
13980
14119
13926
14246
13999
13973
14207
13980
13814
14059
13816
13852
14169
13845
13882
14054
13827
13737
14333
13959
13930
14225
14036
13826
14059
13773
13840
14091
14014
13940
14078
13818
13672
13906
13649
13753
14379
14325
14061
14379
14009
13962
14216
14165
14171
14253
14128
14087
14021
13970
14190
13975
14014
14103
14317
14162
14057
14189
13975
13861
14379
14010
13969
14232
13843
13796
14036
13946
13885
14100
14362
14099
14478
14310
14230
14443
14273
14190
14342
14044
14131
14369
13995
14013
14356
14069
13887
14218
14031
14081
14294
14208
14004
14151
13897
13997
14130
14064
13910
14062
13927
13851
13979
13735
13719
14483
14245
14228
14380
14296
14130
14279
14161
14154
14300
14150
13972
14188
13925
13883
14115
13842
14112
14343
14329
14118
14369
14229
14125
14292
14253
13983
14340
14017
13976
14229
13867
13957
14114
14153
14043
14248
14143
14047
14108
13974
13780
14093
13802
13812
14023
13786
13651
13921
13661
13781
13987
14265
14227
14411
14262
14266
14310
14305
14046
14362
14156
14032
14276
14049
14055
14207
14202
14039
14503
14208
14242
14463
14173
14177
14404
14290
14120
14365
14141
14063
14319
14146
14120
14259
15102
14150
13970
13917
13861
14002
14820
13708
13966
13680
13750
13856
13513
13528
13875
13570
13564
13852
13890
13823
14054
13924
13870
14120
14027
13855
13936
13878
13796
13977
13910
13788
14028
13736
13736
13889
13980
13915
14309
14129
13937
14215
13823
13964
14032
13942
14028
14129
13800
13882
14043
13885
13859
14304
14250
14193
14305
14055
13957
14210
13865
13985
14261
14181
14036
14195
13809
13937
14035
13870
14062
14286
13998
14026
14122
13896
13800
14086
14080
13919
14143
14021
13883
13973
13687
13659
14114
13817
14026
14237
13800
13774
14017
13932
13977
14176
14076
13969
14183
14036
13867
14164
13815
13788
14046
14161
14219
14488
14148
14262
14414
14085
14171
14358
14244
14216
14292
14196
13969
14222
14147
13954
14268
14006
14004
14192
14009
13935
14078
13785
13820
14053
13740
13838
13985
13850
13676
13904
13678
14214
14436
14304
14300
14421
14221
14163
14300
14140
14028
14248
14219
13965
14209
13921
13981
14133
13883
13987
14276
14032
13967
14216
13870
13827
14182
14037
13865
14093
13926
13766
14871
13937
13763
13953
14232
14142
14290
14023
14038
14214
13908
13902
14285
14151
14628
14130
13806
13952
14074
13955
13894
14200
13977
13989
14208
14150
13921
14193
14067
13929
14108
13882
13777
14066
13767
13832
14026
13900
13810
14492
14201
14327
14418
14269
14174
14426
14176
14093
14042
13761
13766
14066
14033
13797
13995
13884
13993
14232
13941
13850
14311
13941
13939
14179
13910
13831
14079
14021
13945
14154
13903
13853
14023
14042
13875
14126
13948
13942
14205
13882
13833
14082
13787
13847
14127
13865
13910
14097
13804
13824
14175
14107
13993
14310
14157
13919
14187
13889
14035
14106
14140
14008
14157
13955
13838
14047
13730
13812
14371
14312
14134
14329
13939
13902
14134
14060
14055
14297
14080
14039
14040
13981
13880
14005
13954
14128
14400
14092
14027
14225
13929
13874
14310
14001
13987
14291
13900
13840
14063
13936
13847
14172
13999
13874
14227
14082
13990
14178
14027
13950
14086
13829
13931
14075
13840
13793
14138
13869
13658
13890
14335
14303
14406
14293
14235
14370
14120
14149
14344
14289
14121
14280
14210
14096
14201
13940
13891
14467
14190
14305
14411
14317
14173
14441
14190
14148
14342
14284
13986
14240
13961
13882
14222
13881
13930
14200
14162
13929
14197
14040
13962
14097
13819
13837
14208
13849
13792
14139
13744
13730
13994
14281
14261
14452
14292
14218
14358
14223
14002
14278
14082
14041
14471
14013
13919
14188
13968
13962
14179
14244
14230
14424
14258
14175
14352
14155
14057
14369
14215
14044
14323
14062
14059
14217
14192
14049
14478
14184
14212
14424
14158
14217
14636
14285
14135
14386
14087
14056
14314
14191
14100
14658
14137
14172
14067
13953
13795
14064
13967
13767
13990
13785
13794
13920
13624
13578
13972
13599
13637
13937
13475
13846
14031
13936
13833
14104
13902
13751
13920
13764
13749
13904
13808
13812
13974
13637
13634
13809
13751
13632
14078
13898
13677
13976
13721
13656
13865
13768
13663
13908
13567
13648
13760
13698
13549
14195
14264
14067
14265
14065
13832
14092
13798
13919
14202
14040
13946
14104
13795
13758
13933
13775
14099
14351
14074
14091
14204
13907
13865
14141
14145
13985
14189
14094
13877
14109
13765
13747
14099
13902
13839
14127
13761
13730
13903
13856
13809
14035
13912
13799
14092
13953
13763
14034
13680
13659
13956
14097
14115
14384
14177
14150
14296
14028
14060
14229
14141
14105
14236
14156
13849
14175
14004
13835
14293
14111
14114
14258
14164
14019
14183
13883
13896
14180
13929
14110
14097
13935
13745
14076
13770
13773
14516
14382
14247
14361
14236
14129
14369
14139
14112
14238
14201
13994
14256
14023
14054
14180
13823
13927
14337
13975
13974
14217
13866
13889
14130
13957
13842
14071
14045
13826
13966
13852
13804
13986
14396
14344
14430
14135
14192
14329
14019
14031
14407
14200
14024
14354
14050
13988
14168
14042
14109
14624
14241
14257
14423
14359
14192
14401
14256
14240
14370
14122
14066
14322
14042
14376
14311
14163
14082
14298
13969
14095
14258
14038
13902
14197
13870
13849
13870
13510
13495
13796
13709
13533
13824
13677
14159
14186
13938
13924
14222
13979
13939
14199
13832
13845
14105
13928
13908
14188
14015
13919
13979
13888
13691
13897
13734
13720
13949
13693
13604
13814
13570
13660
13902
13608
13675
13862
13617
13565
13713
13816
13800
14074
13851
13680
13967
13701
13709
13901
13884
13769
13938
13648
13580
13805
13478
13525
14432
14239
14098
14436
14060
13898
14379
14001
14064
14603
14095
13988
14083
13976
13900
14065
14040
14106
14355
14169
14037
14238
13978
13883
14383
13997
13966
14226
13796
13781
14070
14022
13878
14107
13989
13835
14209
14302
13976
14178
14082
13933
14061
13758
13890
14118
13756
13742
14214
13876
13650
13873
14275
14278
14439
14313
14244
14347
14054
14114
14310
14208
14165
14263
14097
14073
14190
13984
13917
14469
14199
14296
14471
14248
14153
14360
