15887
12250
11703
11640
11930
11871
11599
12242
11942
11456
11788
12734
11839
11998
11720
11838
12136
11377
11617
11766
11479
12015
11704
12070
11541
11745
11597
11478
11946
11766
11760
12002
11464
11521
11806
11711
11927
12557
11969
12096
11371
11612
11804
11537
11611
11527
11637
11751
11533
11991
11677
11781
11874
12015
12085
12188
11867
11674
11888
11741
11898
11700
11915
12023
11773
11745
11875
11665
11655
11673
12219
12077
11459
11970
11654
11848
12073
11643
12106
12194
11699
11726
11891
11827
11908
11962
11775
11760
12047
11735
11498
11816
12028
11547
13160
11886
11679
12287
11942
12181
12392
11711
12134
12096
11973
12286
12082
11801
11989
12009
11902
11818
11995
12245
11883
12047
11628
11993
12064
11793
11907
12415
12244
12032
11926
11775
12173
11859
12139
12054
12151
11834
11782
12030
11729
11952
11916
12151
11737
11999
11597
11945
12234
12770
11920
11620
11910
11905
11931
11616
12290
12005
11820
11959
12171
11691
11774
12373
11672
11818
11882
11861
11697
12002
11591
12008
11832
11979
12091
12152
12015
11811
12119
11907
11970
11909
11887
11794
12107
11643
12121
12184
12081
12238
12084
11893
11733
11845
12058
11838
11966
12046
12278
12030
12064
11750
13005
12279
12225
12367
11583
12037
12202
11656
12021
12282
11699
11846
12081
12359
12190
11763
12133
12006
12008
12034
11463
11829
11689
11778
11968
11681
11948
12092
11756
11833
11905
11738
12097
12226
11790
11665
11552
11659
11837
11690
11509
11554
12114
11882
11595
11947
11938
11697
11905
11664
11819
12209
11653
11914
11732
11720
11768
11657
11864
11872
11670
11831
11510
11951
11866
11434
11853
12051
12060
11962
11609
11744
11902
11805
11898
11812
11744
11615
11638
11503
12151
11995
11682
11810
11797
11761
11732
11950
11850
11870
12053
11532
11375
11624
11667
11661
12141
11711
11889
11976
12004
12160
11844
11516
12046
11883
11929
11624
11613
11905
11663
12525
11668
11750
12156
11664
12096
12202
11863
11949
11809
11701
12546
11870
12589
11724
11803
11995
11979
12193
11849
11967
12187
12335
11987
11924
11823
11657
12135
11723
12231
12511
12030
12261
11921
12136
12103
12036
11995
11917
12341
11705
11969
11972
11970
13027
12145
11723
12077
12113
11550
11672
11880
12025
11867
12087
11919
12087
12371
11880
12700
12182
11763
12205
12215
12009
12093
12361
11517
11856
12166
11651
11620
12108
11566
12076
12278
11994
11995
11609
11988
12087
12130
11808
11858
12171
12292
12136
12118
11673
11968
12063
11995
12202
12072
11936
12116
11849
11974
12058
12087
11949
11998
12303
12233
11696
12185
12164
11968
12047
12144
12102
12115
12043
12340
11906
12066
12287
12007
11977
12937
12157
11926
11696
11916
11878
11283
11892
11882
11386
11882
11558
12027
11896
11459
11626
11622
11900
11858
11768
11499
12280
11533
11556
11224
11783
11895
11839
11779
11787
11633
11858
11569
11469
12892
11620
12084
11971
11700
11989
11376
11498
12048
11759
11911
11704
11837
11723
11791
11913
12013
11434
12153
11490
11685
12159
11661
11558
11944
11616
11807
11749
11706
11892
11635
11481
11759
11800
12044
11892
11814
11739
11692
11871
11886
11981
11727
12045
11607
12107
12048
11564
11794
11878
11888
11696
11915
11940
12346
11993
11926
12049
11733
11472
11855
11255
11617
11762
12032
11955
11880
12180
12016
11918
11711
12216
11987
11942
12105
12244
12100
11802
12093
12417
11738
12025
11612
12065
12290
11807
11796
12234
11846
11769
12132
12073
12156
11805
11716
11831
12202
11757
12121
12130
12197
12207
12319
11825
12219
12043
11936
12139
11632
12067
12063
11860
12070
12011
12028
12237
13300
12314
11927
11769
12292
11832
11979
11953
11400
12176
12063
11824
11953
12170
11650
11891
11774
11846
11990
11918
11864
12217
12035
12170
11847
12226
12167
11676
11962
11779
12157
12173
11859
12144
12027
13198
12323
11866
12182
11870
11962
11842
11824
11814
11996
11865
12350
11915
11902
11930
12034
11849
12476
11811
12091
11984
12000
12160
12168
11845
12391
12186
12137
12365
12178
12144
11894
11985
12100
12190
12033
11915
11540
11854
11820
11373
12013
11421
11676
12406
11600
11880
11499
11708
12043
11980
11496
11702
11634
11825
11584
11923
11858
12024
11931
11405
11794
11676
11508
11839
11873
12179
11927
11830
11746
11945
11714
11899
11347
11822
11827
11693
11709
11595
11411
11798
11682
11691
11926
11680
11900
11905
11552
12634
12108
12006
12269
12123
11875
11511
12350
11735
11576
11904
11920
11882
11586
11749
12023
11846
11633
12132
12114
11646
11911
11536
11442
11714
12135
11844
11959
11922
11456
11993
13509
12055
11966
12055
11880
11753
11755
11514
12354
11924
11825
11716
13080
11850
12071
12164
11958
11763
12060
12179
11711
12026
11855
12089
11994
11822
11828
11887
12028
11890
12490
11935
11866
12109
12041
12072
12248
12024
12019
12083
11855
11668
11815
12452
12088
12093
12127
12046
12316
11882
12151
12125
11917
12136
11872
11985
12605
11878
11948
11947
12129
11887
11870
11856
12126
11587
11857
11653
11934
11956
11670
11680
12203
12078
12049
11712
11958
11700
12167
11994
12189
11750
12026
12064
11939
11700
12094
11968
11503
11943
12347
12121
11856
11948
11847
12164
12104
11624
12755
12085
11899
12174
12009
12106
11852
12368
12074
11858
11915
12048
12181
12111
11843
11879
12279
12501
12054
12155
12773
12070
12327
11800
12209
12044
12230
11865
12002
12015
12787
11848
12027
11885
12133
12069
11800
12006
11332
11907
11932
11577
12024
11885
11711
12027
11933
11497
12007
12150
11809
12111
11946
11703
11700
11956
11491
11876
11780
11581
11782
11405
11448
11678
11683
11467
12196
11730
11652
11278
11744
11736
11652
11921
11815
11522
11783
11545
11730
12063
11487
11849
12090
11573
12142
11947
11986
11795
11996
11951
11688
11967
11681
12017
12058
12187
11717
12115
11887
12022
11962
11585
12172
11793
11885
11770
11990
12088
11591
11852
11579
11579
11790
12101
12216
11825
11610
11751
12084
11636
12172
11855
11832
11838
12204
11631
11701
12041
11820
12123
11723
11642
11897
11837
12466
12003
11757
12359
11894
11943
11789
12069
12218
11634
11959
12080
11644
11945
11924
12084
12213
11897
12024
11799
12041
12083
11822
12505
11902
11959
11984
11905
11689
11999
11929
12026
12371
11706
12023
11962
11977
12115
