15731
12151
11663
11526
11667
11549
11557
11579
11756
11970
11668
11672
11536
11554
11456
11921
11891
11786
11772
11968
11738
11766
11938
11791
11713
11660
11408
11426
11587
11731
11731
11636
11847
11686
11800
11688
11549
11719
11360
11532
11507
11260
11554
11754
11496
11573
12001
11715
11787
11905
11720
11747
11735
11602
11666
11716
11658
11435
11549
11260
11709
11826
11550
11917
11899
11569
11382
11827
11558
11596
11972
11590
11530
11906
11489
11652
11774
11698
11672
11574
11776
11684
11687
11542
11819
11893
11689
11789
11733
11353
11298
11748
11661
11758
11806
11667
11605
11691
11950
11894
11916
11987
11950
12001
11974
12107
12023
11744
11916
12150
11791
11958
12164
11930
11733
12190
11931
11924
11975
11647
11728
11624
12038
12060
11901
11745
11632
11732
11509
11805
11837
11572
11748
11897
11550
11884
12046
11800
11815
11927
11686
11632
11999
11733
11754
11778
11691
11478
11634
11659
11744
11717
11423
11703
11710
11647
11749
11768
11606
11590
12151
11894
11666
12071
11866
11835
11971
11752
11690
11609
11647
11742
11813
11869
11828
11677
11548
11928
12081
11830
11864
12012
11641
11601
12199
11760
11736
11986
11681
11713
11731
11901
12029
11991
11953
11975
11870
11847
11958
11967
11580
11982
11940
11656
12083
12396
11920
12011
11949
11691
11559
12117
11823
11869
11862
11965
11596
11796
11724
11764
11864
11658
11911
11786
11591
11741
11800
11618
11821
11888
11670
11765
11845
11441
11367
11706
11528
11609
11433
11874
11642
11656
11655
11501
11697
11621
11828
11821
11426
11569
11653
11259
11337
11797
11504
11353
11941
11767
11554
11735
11559
11696
11581
11793
11862
11712
11872
11897
11881
11637
11889
11899
11554
11883
11890
11639
11698
12094
11745
11731
11714
11476
11563
11614
11795
11676
11698
11966
11861
11835
11648
11466
11650
11426
11947
11861
11606
11573
11709
11480
11459
11801
11672
11636
12004
11766
11597
11857
11682
11689
11571
11989
12203
12066
11789
11836
11828
11672
11823
11739
11654
12111
12220
11925
11764
12058
11731
11753
11910
11676
11660
11723
11752
11842
11698
11708
11816
11785
11566
11907
11799
11539
12091
12085
11824
11692
11800
11589
11507
12000
11772
11801
12272
11994
11840
12041
11678
11725
11737
11949
11866
11970
11657
12196
12117
11805
11930
11824
11676
11529
11956
11893
11740
12117
11897
11929
11907
11740
11656
11697
11877
11891
11815
12039
11753
11903
11542
11842
11950
11894
12109
12162
11749
11784
12123
11796
11797
12230
11987
11788
12061
11969
11803
11995
12069
12109
12072
11952
12007
11883
11670
12093
12017
11792
11799
11817
11641
11515
12189
11886
11861
12116
11792
11757
11743
11745
11833
11840
11862
11822
11877
11631
11700
11627
11394
11448
11591
11424
11443
11821
11365
11449
11937
11619
11631
11893
11759
11781
11661
11720
11588
11717
11729
11643
11498
11380
11824
11758
11517
11833
12027
11701
11689
11658
11544
11330
11711
11415
11381
12062
11737
11674
11661
11429
11396
11618
11538
11617
11590
11341
11673
11569
11453
11780
11886
11588
11638
12130
11702
11690
11657
11452
11582
11620
11883
11872
11822
11724
11535
11673
11927
11973
12015
11697
11699
11892
11487
11707
11901
11652
11581
11991
11787
11581
11979
11793
11787
11801
11617
11725
11714
11781
11738
11791
11756
11875
11825
11619
11966
11820
11588
11869
11958
11807
11731
11942
11641
11696
12120
11765
11663
11834
11902
11771
12022
11959
11789
11974
11697
12004
11981
11604
12222
12028
11857
11847
12039
11746
11639
11881
11715
11709
11893
11684
11580
11742
11882
11813
11951
11978
12095
12069
11784
11903
11916
11823
11922
11958
11688
11521
12059
11872
11878
11812
11588
11503
11539
11988
11825
11903
12038
12088
12162
12037
11845
12116
11825
11875
11779
11592
11808
11720
11495
11552
12027
11740
11693
12129
11942
11787
11953
11977
11911
12028
11758
11664
11644
11529
11891
12013
11748
12078
12000
11720
12047
11933
11862
11782
12092
11756
11924
12271
12132
11838
11996
12029
11931
12081
12063
11868
11875
11614
11960
12116
11827
11916
11948
11598
11265
11653
11293
11405
11859
11671
11666
11853
11504
11410
11510
11522
11560
11538
11740
11780
11717
11367
11676
11791
11707
11979
11812
11738
11446
11674
11458
11317
11953
11795
11769
11935
11531
11736
11617
11521
11618
11707
11921
11774
11797
11598
11874
11928
11688
11765
11731
11437
11494
11615
11492
11550
11842
11636
11616
11597
11731
11688
11692
11547
11609
11734
11383
11648
11625
11279
11965
11933
11841
11802
12002
11536
11528
11815
11520
11339
11999
11693
11843
11718
11487
11384
11511
11872
11880
11873
11707
11926
11779
11578
11530
11724
11548
11568
11879
11757
11823
11895
11627
11816
11999
11726
11676
11636
11827
11738
11878
11891
11609
11791
11436
11880
12182
11798
11968
12133
11757
11898
11942
11693
11808
11953
11754
11794
11651
11892
11924
11981
11920
12313
11888
11905
11733
11902
11630
12142
12126
11846
11913
12159
11745
11809
12164
11835
11655
11936
11521
11657
11720
11814
11797
11656
11940
11741
11778
11602
11925
11993
11730
12096
12086
11710
11787
11846
11708
11765
12073
11979
11833
12135
11832
11767
11930
11801
11750
11793
11892
11950
11972
11712
11961
12159
11846
13167
12098
11865
11665
12107
12011
11946
12203
11839
11936
12187
12095
12046
11992
11899
11830
11872
11872
11901
11861
11610
12002
12236
11831
12027
12097
11827
11896
12255
11994
11953
12291
12090
11716
11731
11771
11630
11843
11560
11573
11497
11566
11433
11440
11371
11672
11708
11649
11866
11832
11582
11429
11729
11602
11593
11698
11561
11641
11415
11449
11582
11639
11964
11883
11798
11541
11732
11846
11586
11541
11710
11376
11879
11948
11603
11461
11712
11465
11544
11872
11733
11905
11675
11556
11514
11578
11862
11948
12001
11524
11729
11859
11585
11896
12050
11784
11776
12004
11671
11478
12049
11782
11919
11926
11625
11481
11592
11755
11887
11969
12010
11988
11948
11611
11588
11601
11377
11695
11883
11463
11511
11929
11617
11566
11818
11903
11778
11652
11932
11914
11905
11742
11617
11734
12121
12028
12052
11768
12131
12087
11807
11867
12025
11772
11592
12324
12005
11768
12019
11770
11674
11668
11654
11791
11754
11938
11843
11730
11525
11664
11731
11495
11871
11882
11628
11656
11838
11486
11403
