15606
12470
11794
11703
12563
11587
11692
11802
11520
11537
12503
13188
12210
11765
11808
11535
11676
12261
11333
11497
11470
11761
11559
11463
11625
11449
11562
11616
11506
11579
11639
11616
11487
11484
11414
11447
11582
11559
11280
12098
12056
11803
11977
11935
11938
12084
11925
11759
11987
11945
11938
11925
11967
11791
12013
11947
11802
11893
11887
11834
13038
11975
11773
13094
11754
11619
11848
11659
11790
11981
11897
11610
11796
11685
11662
11829
11915
11636
11882
11912
11551
11816
11637
11634
11967
11829
11695
11783
11558
11471
11645
11635
11517
11798
11617
11498
11954
11828
11798
11839
11689
11736
11754
11780
11712
11776
11785
11536
12230
12236
11949
12259
12248
12001
12231
12203
11970
12176
12116
12046
12360
12020
11995
12187
12057
11956
12121
11972
11904
12103
12067
11925
12015
11977
11773
12041
11936
11860
12049
11874
11929
11966
11841
11729
11897
11929
11743
11973
11917
11811
11947
11885
11783
11857
11867
11722
11932
11862
11558
12079
11783
11526
11810
11633
11591
11849
11719
11515
11822
11583
11571
11714
11730
11696
11724
11704
11562
12071
11936
11981
12112
12098
11819
12109
11956
11781
12011
11990
12563
12015
11880
11904
11762
11880
11717
11848
11895
11750
11738
11973
11798
11906
12334
11840
11836
11957
11823
11682
11805
11626
11672
11736
11982
12074
12146
11857
12173
11694
11616
11846
11728
11588
11891
11569
11557
11790
11454
11438
11800
11760
11859
11806
11557
11722
11482
11453
11770
11562
11461
11644
11361
11440
11608
11308
12833
11735
11917
12092
11935
11793
11941
11887
11900
12046
11748
11825
11954
12230
11724
11878
11730
11732
11960
11652
11699
11882
11753
11647
12034
11928
11759
11968
11786
11580
11782
11590
11637
11909
11810
11695
11792
12784
11578
11869
11745
11923
11940
12569
11516
11873
11591
11503
11916
11871
11604
11939
11644
11572
11758
11579
11714
11790
11694
11530
11741
11510
11362
11631
11536
11463
11730
11461
11676
11803
11563
12061
12169
12050
11955
12121
12062
11883
12172
12046
11824
12072
12058
11883
12089
11817
11948
12112
12239
11794
12012
11878
11820
12021
11736
11746
11932
11844
11680
11894
11709
11776
11912
11805
11770
11922
11861
11757
12048
11792
11686
11998
11680
11716
11890
11835
11576
11879
11571
11523
11836
11792
11620
11833
11547
11544
11860
11546
11570
11794
11684
11689
11762
11643
11517
11696
11531
11582
12525
11559
11387
12166
11866
11895
12167
12107
11996
12169
12029
11907
12074
11940
11953
12138
11850
11900
12062
11780
11866
12048
11787
11792
12039
11749
11895
12024
12015
11861
12114
11988
11860
12007
11879
11770
11997
11766
11876
12072
11937
11754
11974
11741
11737
11966
11807
11821
11980
11879
11414
11713
11460
11349
11730
11630
11886
11733
11529
11405
11620
11458
11481
11628
11483
11346
11537
11302
11274
11478
11327
11307
12126
11799
11810
12051
11791
11795
12073
11968
11861
11984
11872
11639
11869
11809
11693
11952
11878
11780
11839
11592
11638
11838
11688
11648
11927
11821
11641
11849
11585
11520
11942
11796
11641
11906
11658
11666
11822
11713
11783
11969
11808
11764
11852
11579
11525
11771
11642
11722
11872
11719
11452
11706
11535
11443
11851
13074
11508
11866
11381
11458
11632
12501
11525
11813
11638
11559
11637
11486
11449
12085
11958
11982
12118
11854
12002
12257
12021
11951
12194
12058
12016
12188
12078
11963
12150
12036
11902
12092
11818
11911
12109
11845
11962
12111
11793
11790
11998
11803
11822
11998
11943
11812
11966
12186
12042
12233
12183
11950
12200
11923
11957
12173
12049
11862
12153
11949
11902
12142
11821
11922
12107
11947
11703
12012
11724
11722
12019
11918
11733
12109
11892
11790
11940
11857
12564
11966
11817
11677
12290
11903
12998
12245
11965
11937
12892
11957
11943
12166
11862
11879
12156
12009
11989
12126
11905
11798
12001
11893
11807
12043
11933
11839
12103
11774
11749
11954
11756
11746
12026
11881
11874
11966
11784
11818
12080
11975
11792
12069
11821
11904
12048
12085
11893
12100
11942
11835
11997
11811
11698
12028
11767
11865
12064
11872
11398
11601
11383
11411
11736
11599
11440
11754
11296
11308
11563
11304
11415
11852
11707
11651
11704
11640
11623
11711
11514
11596
11769
11461
11408
12574
11552
11369
11690
11607
11545
12551
11511
11451
11625
11450
11472
11712
11435
11441
11543
11268
11306
11505
11304
11316
11625
11305
11938
12026
11901
11818
12160
12041
12005
12128
11841
11707
11962
11711
11823
12052
11932
11773
11959
11660
11629
11886
11742
11986
11969
11820
11660
11858
11546
11609
12004
11854
11657
11902
11627
11673
11935
11796
11831
12089
11926
11762
11905
11615
11552
11844
11681
11709
11972
11678
11868
12043
11726
11836
12024
11847
11856
12010
11840
11769
12877
12278
11633
11745
11919
11667
11866
11922
11723
11854
11813
11765
11931
12088
11845
12036
11984
11779
11981
12011
11672
11999
11914
11833
11929
11917
11695
11932
11880
11677
11904
11908
12301
11745
11903
11625
11734
11790
11448
11671
11709
11435
11722
11736
11590
11901
12000
11692
11768
11934
11703
11844
11901
11788
11866
11908
11667
11837
11965
11703
11882
11904
11527
11805
11769
11473
11807
11809
11588
11799
11721
11628
11731
11693
11550
11681
11740
11538
12664
11750
11736
11796
12029
11737
11923
12935
11813
11959
11971
11763
11916
12001
11747
11943
11914
11651
11922
11916
11661
11950
11878
11614
11754
11841
11602
11811
11880
11656
11682
11839
11247
11477
11557
11287
11592
12173
11830
12177
11987
11813
11890
12010
11851
11902
12037
11742
11916
11939
11661
11827
12062
11666
11944
12004
11653
11829
11864
11617
11811
11944
11676
11903
11754
11561
11681
11705
11609
11683
11858
11708
11647
11844
11610
11759
11884
11596
11715
11802
11620
11733
11741
11447
11836
13002
11553
11798
11678
11573
11612
12823
11607
11793
11740
11562
11634
11617
11591
11311
11715
11432
11547
11707
11380
11323
11905
11763
11727
12051
11723
11746
11991
11825
11598
11925
11767
11708
11917
11798
11606
11828
11692
11586
11965
11632
11678
11843
11726
12363
13264
11872
11849
11636
11603
11749
12439
11820
11759
11867
12071
12176
12203
12060
12116
12252
12029
12123
12201
11947
11980
12104
11871
12034
12171
11954
12050
12090
11872
12026
12091
11901
12420
12035
11777
11739
11977
11764
