16991
14075
12359
12370
12085
12603
12617
12264
12313
12417
12080
12122
12866
12572
12379
12636
12336
12105
12311
12525
12494
12740
12407
12313
12498
11981
12700
12686
12370
12547
12795
12390
12372
12781
12362
12506
12626
12458
12213
12384
12483
12393
12561
12455
12322
12528
12240
12262
12450
12057
12442
12502
12236
12328
12860
12501
12649
12847
12404
12506
12684
12496
12251
12470
12393
12158
12438
12610
12813
12817
12480
12466
12543
12205
12734
12706
12457
12565
12948
12492
13618
12808
12387
12592
12712
12415
12272
12439
12626
12417
12616
12362
12561
12835
12450
12703
12986
12559
12937
12960
13441
12683
12954
12622
12741
13009
12629
12768
12942
12775
12577
12782
12845
12666
12879
12602
12688
12869
12582
12686
13007
12527
12897
12908
12498
12709
12938
12552
12752
12761
12408
12548
12472
12648
12540
12704
12618
12418
12643
12333
12442
12737
12401
12674
12821
12459
12644
12907
12536
12634
12788
12388
12406
12802
12401
12580
12611
12720
12592
12840
12528
12330
12625
12265
12407
12708
12402
12495
12630
12261
12369
12626
12321
12525
12964
12601
12751
12746
12324
12485
12539
12838
12630
12863
12630
12360
12579
12231
12450
12669
12420
12530
12813
12400
12475
12972
12635
12715
12799
12390
12549
12524
12714
12743
12850
12593
12422
12610
12340
12596
12802
12548
12783
13042
12696
12771
12879
12347
12381
12419
12179
12267
12623
12366
12301
12408
12249
12366
12411
12718
12475
12682
12394
12445
12678
12340
12608
12761
12498
12304
12533
12112
12216
12724
12491
12593
12851
12485
12584
12507
12228
12339
12407
12450
12231
12474
12151
12276
12463
12238
12416
12619
12348
12192
12536
12153
12270
12667
12433
12555
12517
12565
12527
12559
12534
12575
12736
12700
12505
12685
12394
12417
12670
12402
12475
12733
12487
12208
12746
12294
12390
12647
12356
12463
12567
12369
12311
12416
12505
12641
12759
12493
12364
12545
12256
12445
12674
12386
12933
12938
12607
12394
13156
12625
12781
13050
12630
12758
12767
12647
12820
12814
12481
12618
12562
12327
12416
12596
12433
12787
12968
12674
12529
12833
12466
12288
13088
12662
12708
12912
12512
12575
12605
12500
12718
12685
12666
12723
12830
12469
12404
12587
12354
12800
12978
12702
12483
12697
12477
12245
12944
12543
12622
12641
12347
12487
12460
12469
12536
12627
12669
12800
12832
12599
12494
12698
12312
12688
12906
12573
12456
13027
12702
12470
12719
12319
12401
12450
12663
12778
12783
12639
12717
12728
12702
12809
12834
12589
12497
12666
12504
12710
12895
12633
12484
13049
12646
12526
13032
12610
12745
12895
12432
12629
12639
12710
12849
12885
12484
12778
12888
12647
12750
12989
12774
12507
12769
12494
12349
12822
12623
12312
12930
12448
12484
12570
12547
12697
12675
12558
12599
12568
12167
12401
12494
12212
12291
12587
12145
11938
12769
12410
12449
12746
12451
12263
12373
12214
12252
12303
12533
12630
12710
12303
12380
12350
11936
12663
12754
12430
12450
12631
12343
12078
12468
12222
12129
12660
12277
12085
12345
12211
12301
12339
12590
12725
12728
12352
12615
12649
12255
12676
12910
12558
12573
12803
12393
12237
13143
12565
12458
13006
12655
12483
12654
12270
12446
12439
12762
12727
12794
12380
12421
12419
12090
12551
12663
12481
12249
12884
12470
12344
12818
12517
12453
12973
12805
12502
12935
12727
12780
12799
12692
12864
12825
12445
12634
12712
12258
12812
12821
12922
12371
12697
12553
12309
13018
12800
12535
12701
12727
12552
12866
12497
12559
12532
12700
12796
12799
12408
12731
12692
12322
12664
12619
12383
12151
12672
12503
12252
13012
12755
12482
12764
12812
12496
12777
12647
12697
12699
12421
12669
12719
12358
12814
12817
12435
12914
12939
12727
12511
12951
12634
12550
12971
12695
12525
12803
12807
12669
12760
12492
12562
12590
12299
12889
12836
12474
12842
12849
12459
12622
12676
12502
12270
12762
12489
12316
12721
12525
12303
12563
12782
12606
12865
12468
12593
12591
12257
12651
12661
12303
13054
12950
12544
12668
12733
12525
12350
13114
12843
12644
12937
12694
12524
12716
12668
12464
12376
12512
12589
12636
12341
12682
12771
12353
12397
12395
12015
12243
12822
12602
12387
12861
12455
12394
12521
12319
12253
12490
12595
12465
12610
12458
12663
12563
12346
12755
12737
12331
12491
12490
12157
12159
12805
12611
12415
12888
12462
12379
12550
12279
12182
12390
12620
12475
12720
12234
12579
12542
12326
12765
12657
12258
12733
12724
12340
12509
12689
12453
12211
12764
12368
12187
12440
12584
12528
12877
12666
12339
12480
12083
12426
12475
12195
12845
12858
12413
12445
12745
12367
12427
12913
12780
12533
12722
12306
12111
12334
12477
12376
12619
12513
12307
12609
12457
12956
12909
12495
12902
12889
12518
12766
12861
12383
12557
13013
12685
12515
12696
12884
12633
12861
12787
12567
12791
12583
12432
12630
12238
12861
12876
12464
12941
12888
12503
12714
12906
12464
12594
12751
12525
12314
12484
12537
12342
12593
12929
12562
12810
12498
12420
12701
12303
12779
12886
12483
12957
12882
12532
12592
12709
12404
12458
12826
12505
12295
12520
12474
12308
12481
12497
12440
12588
12322
12640
12849
12474
12660
12677
12342
12421
12940
12594
12610
12920
12582
12667
12973
12694
12504
12699
12532
12391
12562
12795
12648
12851
12589
12698
12915
12533
12874
12892
12640
12687
12991
12620
12877
13202
12679
12819
12805
12580
12387
12619
12707
12551
12728
12602
12595
12659
12549
12796
12715
12323
12403
12455
12143
12244
12902
12404
12434
12669
12246
12400
12448
12458
12240
12423
12624
12449
12610
12260
12595
12734
12461
12541
12769
12304
12587
12527
12191
12338
12586
12255
12384
12828
12357
12501
12594
12669
12420
12648
12393
12163
12440
12037
12568
12820
12535
12657
12751
12358
12547
12751
12525
12608
12697
12316
12301
12575
12147
12257
12488
12710
12491
12714
12497
12254
12591
12154
12474
12641
12319
12675
12730
12333
12415
12706
12430
12556
12838
12371
12446
12427
12315
12475
12570
12625
12284
12553
12630
12510
12642
12351
12653
12900
12549
12427
12816
12410
12504
12751
12340
12466
12838
12484
12609
12655
12446
12558
12549
12692
12548
12741
12688
12645
12829
12581
12463
12669
12372
12512
12847
12336
12482
12710
12302
12404
12990
12842
12838
12853
12660
12846
12808
12629
12455
12655
