17260
14203
12505
12860
12775
12852
12691
12095
12685
12829
12337
12756
12731
12744
12848
12588
12351
12831
12740
12474
12743
13036
12538
12750
12823
12315
13059
12618
12532
12765
12705
12321
12748
13503
12543
12593
12309
12450
12783
12738
12544
12339
12882
12382
12664
12715
12693
12451
12923
12262
12820
12681
12428
12657
12318
12431
13080
12414
12585
12912
12478
12636
12811
12709
13063
12346
12757
12659
12715
12866
12802
12635
12881
12403
12596
12534
12479
12641
12654
12444
12706
12738
12145
12590
12645
12872
12853
12755
12449
12391
12608
12206
12903
12645
12659
12779
12775
12608
12949
12858
12570
13046
12763
12932
12758
12729
12776
13109
12761
12605
13086
12832
12784
13017
12989
12690
12837
12685
12716
13331
12755
12393
12849
12967
12679
12631
12913
12359
14698
12837
12553
12781
12748
12864
12825
12907
12597
12873
12980
13098
13036
12671
12854
12960
12685
12664
12524
12381
12859
12936
12927
12679
12874
12826
12400
13000
12911
12622
13230
13003
12430
13112
12913
12656
12873
12857
12797
12816
12725
12514
12750
12686
12989
12900
12787
12469
12854
12716
12727
12952
12673
12661
12676
13032
12825
13002
12614
12897
12641
12878
12783
12875
12861
12791
13020
12900
12783
12711
12701
12567
12961
13042
12728
13164
13128
12787
13114
12723
12801
12767
12859
12801
12936
12955
12684
13932
12814
12145
12646
12568
12382
12781
12692
12253
12624
12176
12312
12836
12500
12612
12788
12775
12347
12272
12575
12698
12786
12991
12692
13080
12759
12162
12567
12707
12658
12628
12503
12536
12636
12514
12381
13219
12699
12587
12597
12727
12363
12607
12669
12196
12460
12751
12360
13136
13066
12601
12692
12313
12275
12996
12345
12420
12583
12320
12738
12622
12833
12877
12547
13005
12456
12670
12519
12609
12915
12835
12309
13011
12795
12608
12869
12454
12788
12679
12818
12596
12975
12754
12612
12653
12530
12498
12952
13241
12598
13052
12608
12493
12722
12609
12852
13320
13266
12679
13041
12699
12925
12624
13154
12409
12870
12861
12481
12993
13405
12616
12747
12965
13763
13129
12699
12815
12998
12807
12929
12803
12895
12602
14009
13035
12820
13149
12649
12626
13336
12821
12377
12952
12542
12793
13206
12774
12959
13167
13030
13126
12494
12902
12827
12859
14450
12910
12914
12492
12537
12880
13181
12568
12829
12952
12718
13048
12738
12477
13121
13010
12773
12431
12930
12859
12634
13017
12966
12771
12688
12878
12769
12620
12747
13154
12843
12395
12923
12435
12435
12908
12979
12786
12704
12899
12872
12672
13044
12475
12630
13051
12325
12894
12788
12565
13104
13276
12425
13230
12527
12554
12885
12629
12805
12783
12970
14123
12642
12903
12589
12856
13078
12670
13152
13015
12823
12739
12654
12478
12660
12147
12693
12627
12440
12602
12502
12668
12606
12472
12599
13021
13081
12525
12375
12702
12716
12335
13020
12868
12802
13209
12507
12628
12941
12673
12303
12385
12611
12281
12582
12684
12452
12752
12697
12453
12950
12892
12558
12742
13975
12511
13000
12516
12545
12925
12906
12486
13040
12343
12592
12895
12969
12835
13000
12628
12595
12597
12644
12282
13317
13194
12447
12863
12383
12257
12854
12492
12444
12797
12971
12572
12813
12441
12543
12672
12474
12494
12678
12747
12271
12814
12419
12667
12791
12719
12491
13184
12578
12580
12707
12793
12468
12723
13087
12840
12971
12752
12983
13094
13036
12623
12799
12834
12623
13185
12761
12806
13276
12655
12600
12992
12783
13146
12920
12821
12534
12666
13171
12626
12772
12793
12502
12873
12901
12596
12829
12625
12654
13304
12756
12775
12906
12826
12673
12812
13185
12815
12769
13144
12327
12982
12870
12330
12704
13072
12471
12735
12628
12359
12743
12550
12894
12846
13028
12684
12549
12965
12968
13033
12863
12917
12729
13047
12611
13012
13324
12418
12905
12305
12283
13023
12704
12586
13056
12738
12492
12936
12765
13280
12927
12801
12618
13095
13154
12424
12995
12845
12405
12786
13012
12331
13172
12513
12433
12912
12693
12876
12866
12982
13206
13000
12606
12709
12716
13113
12777
12940
13101
12502
12971
12780
12806
14704
12757
12571
13135
12406
12832
12337
12287
12526
12499
12603
12609
12755
12846
12621
12512
12785
12377
12483
12546
12475
14065
12772
12583
13084
12739
12714
12244
12836
12532
12833
12910
12845
12765
12491
12316
12671
12694
12765
12979
12452
12286
13738
12695
12441
12645
12660
12332
12355
12586
12606
12357
12704
12692
12755
12844
12271
12843
12397
12871
12488
12383
12331
13053
12977
12526
13123
12478
12532
12614
13145
12667
12477
12693
12361
12730
12770
12458
12855
12725
12189
12931
12697
12542
12551
12446
12760
12826
12737
12722
12619
12716
12645
13121
13007
12845
13069
13074
12514
13069
13054
12481
13136
13163
12782
13343
12439
12620
12994
12800
12543
12471
12615
12972
12693
12853
12953
12890
12979
12458
12673
13113
12520
12758
12481
12309
13669
12527
12795
13176
12855
12764
12787
12783
12861
12882
13028
12856
12854
12843
12663
12908
12817
12603
12775
12658
12535
12667
12456
12774
12984
12674
12522
12697
12633
12705
13203
12499
12932
12934
12923
12564
12688
12739
12669
12941
13313
12832
12755
12949
12542
12841
12810
12472
12645
12721
12539
12666
12820
12705
12865
13045
12927
12821
12852
12538
12756
12893
12911
12712
12724
12550
13138
12806
12411
12766
12889
12775
13112
12790
13089
13230
12674
12746
13102
12807
12682
13025
13175
12641
13011
12849
12636
13064
12816
12925
12670
12590
12450
12288
12207
12753
12677
12372
12256
12670
12451
12031
12502
12793
12481
12624
12779
12544
13028
12634
12484
12388
12775
12495
12712
12862
12452
12902
12725
12369
12560
13126
12087
12680
12719
12563
12640
12979
12507
12695
12844
12647
12713
12544
12531
12817
13634
12855
12451
12878
12550
12402
12432
12428
12633
12844
12811
12958
12569
12593
12777
12835
12617
12913
12854
12632
12477
12382
12564
12833
12724
12834
12848
12941
12580
12556
12708
12517
12682
12335
12537
12895
12629
12316
12831
12370
12819
12865
12876
12599
12578
12684
12431
12838
12852
12556
12954
14118
12448
13070
12798
12818
12811
12896
12645
12995
12697
12489
13157
12959
12779
12733
12976
12393
13022
13199
12393
12703
13140
12392
12724
13154
12412
13354
13158
12608
12989
12650
12600
13174
12495
12872
13233
13062
12989
12866
12756
