25154
26627
20100
19993
20156
20115
19833
20214
19964
19921
19982
19967
19890
20046
20255
19581
20248
20110
20004
19999
20045
19914
20169
20196
20105
20162
19754
20264
20010
20086
19836
20294
20155
19710
20178
20107
19677
19927
20128
19718
20044
20212
20164
20118
19989
19942
20323
19887
20256
20132
19799
19722
20369
20097
19874
20207
21070
19640
20234
20128
20599
20063
19937
20065
19978
19777
19671
20297
19991
19827
20462
20193
19741
20052
19871
20021
20278
20459
19899
20282
19910
19731
20118
20108
19866
20449
20042
19632
20401
20112
19857
19930
20239
20983
20250
20258
20230
20272
20285
20424
20190
20293
19961
20505
20147
19900
20584
20170
20083
20276
20482
20898
20507
20044
20490
20406
20188
20362
20402
19996
20117
20223
20297
20281
20217
20232
20030
20156
20481
20194
20381
20113
19947
20311
20040
20186
20457
20228
19993
20256
20058
20116
20196
20415
19977
20158
20376
20285
20272
20035
20248
20456
19995
19914
20495
20269
19937
20486
20118
20047
20062
20333
20234
20044
20148
20048
20333
19986
20684
20129
20137
20143
20538
20470
19909
20488
20376
19780
20001
20344
19916
20303
20343
20122
21126
19821
20386
20135
19971
19902
20427
20028
19980
20469
20151
19974
20324
20487
20150
20332
20012
20523
20225
20074
20232
20390
20476
19999
20474
20169
20295
20305
20464
20077
20122
20387
20010
20153
19992
19831
20239
20128
19931
19999
19912
19737
20027
19868
19757
19883
20314
19710
19861
20103
20130
20291
19970
20223
20190
20778
20248
19948
20054
19904
20074
20073
19901
19854
20208
19800
20114
20238
19760
20229
19948
19999
20130
19939
19688
19998
19807
20004
20160
19866
19843
19942
19958
19916
20307
20454
19912
20044
20059
20026
20036
20056
19953
20453
20052
19947
20311
20080
19993
20122
20037
20058
20008
20666
19892
19950
19695
20050
20083
20453
19907
20176
20074
19828
20115
20240
20011
20201
20330
19821
20214
19943
20125
20087
20352
20189
20337
20153
20854
20380
20330
20210
20224
20412
20101
20278
20312
20170
20438
20072
19979
20454
20330
20066
20367
20121
19931
20485
20336
20260
20006
20299
20066
20314
20473
20049
20237
20007
19886
20922
20165
20238
20473
20375
19792
20270
20189
20096
20338
20306
20081
20272
20397
20316
20242
20029
20075
20254
20162
20052
20280
20309
19756
20513
20774
19739
20163
20308
19888
20083
20504
20151
20168
19848
20360
20152
20016
20157
20446
19969
19881
20461
20068
19933
20059
20260
19961
20069
20049
20815
20271
19966
19935
20445
20362
19960
21206
20213
19980
20180
20322
19966
20006
20113
20047
20052
20178
20346
20425
20312
20023
20516
20214
19880
20527
20387
19947
20186
20477
20133
20139
20139
20370
20228
19990
20443
20367
20050
19886
19908
19744
19679
20394
20232
19891
20110
20175
19830
20053
20677
19849
20186
20012
20027
20126
19953
20228
20050
20041
19876
20071
19890
20916
19832
19994
19774
20126
20201
19842
19928
19876
19962
20000
19765
19853
20122
20203
20642
20228
19843
20018
19873
20123
20038
20166
19732
20397
20297
19767
19938
20212
20058
19674
20192
20147
19627
20119
20209
19911
20053
20409
19853
20121
19918
20124
19903
19978
20217
20281
19941
19884
20243
20070
19968
21172
20195
19842
20194
20206
19856
20210
20116
20199
20347
20008
19915
19979
19900
19933
20128
20193
20385
20023
20996
21039
20311
20463
20230
20153
20024
20099
20389
20159
20001
20462
20385
20035
20471
20132
20034
20228
20342
20122
20262
20173
20165
20198
20007
20399
20182
19987
20222
20446
20341
19744
20215
20381
20080
20043
20498
20074
20361
20491
20015
20551
20015
20203
20328
20112
20119
20266
20072
19977
20409
20042
20160
19988
20631
19802
20212
20412
19810
20327
20217
20205
20430
20531
19707
20421
19990
20176
20491
20339
20258
20320
21026
20343
20414
19903
20302
20389
19996
20236
20439
20020
19749
20492
20313
20168
20432
20503
20049
20220
20362
20194
20254
20240
20350
20133
20244
20377
20476
20258
20256
20397
20226
19957
20416
21346
19833
20114
20438
20185
20167
20281
20003
20511
20044
20482
20215
20278
19977
20316
20388
19765
19877
19997
20084
20234
20138
20074
20247
19949
19664
20149
20006
20061
20184
20127
19738
20291
19969
19811
19956
20180
20149
20091
20159
20096
19969
19875
19971
20084
20112
19530
20294
20092
19830
19995
19999
19904
19948
20364
20727
19858
19838
19908
20002
19980
20248
20243
20019
19973
20237
19792
19980
20244
20193
19828
20616
20094
19901
19883
19983
19835
20132
20211
20187
20229
19756
19972
20170
19986
20111
20278
20139
19936
20090
19939
19865
20257
20041
19980
20451
19954
20042
20332
19978
19697
20370
20369
19996
20045
19965
20152
19890
20075
19956
20026
19854
20213
20444
20037
20443
20583
20387
20041
20400
20569
20149
20216
20477
20111
20416
20448
19929
20994
20228
20473
20380
19999
20216
20219
20027
19938
20368
20279
20282
20147
20391
20158
20053
20483
19897
20346
20220
20213
20157
20022
19975
20451
20088
20083
20221
20064
20081
20074
20285
20015
20065
20015
19984
20357
20232
20197
20385
20131
19907
20458
20112
19957
20347
20446
20043
20081
20059
20224
20137
20071
20168
20182
21095
20317
20082
20176
20150
20546
20150
19956
20246
20109
19837
20245
20413
19977
20367
20170
20155
20287
20075
20108
20317
20029
20016
21179
20021
20017
19969
20355
20375
20162
21361
19979
20148
20089
19962
20300
20433
20158
20779
20254
19917
20566
20174
20407
20192
21287
20121
20229
21251
19988
19908
19717
20043
20335
19980
19832
20291
19868
19800
20028
20028
19741
19858
20320
19914
20065
20207
19836
19860
19860
20050
20098
19897
20673
20283
20040
19807
20452
20248
19858
20022
20006
19865
20072
19686
20026
20101
19867
19751
19923
19768
19966
20053
19939
19849
20131
20394
20920
20103
20257
20166
20121
20069
20097
21148
20165
19798
20282
20194
19860
20461
20502
19712
19970
20102
20115
19821
20323
20134
20242
20021
19920
19996
19898
19911
20090
20140
19943
20199
20195
19814
20045
20080
19811
20035
20207
20088
19929
19870
19911
19924
19932
19843
20330
19891
20229
20345
20168
20317
20007
20405
20169
20119
20342
19988
20382
20263
20139
20165
20351
19912
21059
20200
20072
20239
20339
20214
20205
20368
20093
20357
20184
20379
20123
20258
20212
20314
20199
19737
20297
20124
20000
20359
20191
20044
