20562
18639
14885
14906
14731
14957
14688
14720
15053
14756
14348
14548
14804
14267
14912
14959
14387
14752
14511
14555
15070
14920
14842
14875
14495
14266
14771
14854
14629
14953
14590
14741
14708
14748
14634
14752
14838
14332
14988
14850
14254
14699
14569
14537
14807
14810
14919
14875
14640
14461
14826
14635
14627
15053
14741
15037
15140
14750
14516
14625
14930
14488
15024
14865
14302
14725
14586
14644
14893
14743
14947
15031
14671
14350
14766
14433
15224
15125
14839
14867
14698
14789
14741
14832
14884
14418
15071
14916
14340
14747
14594
14660
14909
15050
14699
14860
15065
14865
15085
14708
14978
15269
14754
15010
15031
14847
14401
15093
14969
14509
15152
14954
14635
15005
14812
14675
14748
14862
14514
14824
15128
14953
14975
14748
14676
14975
14673
14932
15045
14734
14421
15050
14947
14503
14949
14818
14797
14873
14960
14685
14717
14944
14668
15036
14768
14604
15094
14774
14904
14950
14873
14849
14824
14946
14664
14748
14651
14525
15158
15086
14542
14638
14746
14620
14790
15122
14866
14948
14496
14675
14924
14668
14972
15051
14748
14773
14798
15031
14523
14813
14668
14658
15161
15005
15116
14917
14866
14858
15099
14940
14576
15157
14820
14921
15223
14923
15084
15181
14759
14543
15076
15102
14820
14991
14815
14906
15196
14968
14729
14845
15182
14688
14909
15319
14894
15026
14409
14692
14772
14532
14740
14685
14902
14612
14734
14883
14562
14763
14676
14405
14588
14913
14378
14529
14928
14486
14960
14847
14481
15072
14587
14722
14740
14744
14851
14934
14646
14434
14847
14711
14437
14841
14798
14665
14805
14952
14676
14811
14857
14410
14779
14560
14521
15036
14848
14778
14845
14596
14791
14857
15025
14744
14688
14384
14285
15044
14959
14607
14821
14894
14293
14661
14939
14496
14947
14831
14813
15360
14717
14535
14604
14605
14429
15009
14785
14642
14700
14445
14554
14793
14750
14830
14933
15028
14514
14893
14980
14513
14900
14708
14810
14965
15125
14863
14821
15108
14775
14895
14850
14608
15008
14691
14792
14930
14823
14641
14747
14926
14506
15196
14974
14527
15150
14989
14948
15027
14745
15009
14995
14790
14524
15285
15087
14842
14915
14639
14543
14682
14805
14872
14962
15178
14705
15086
14932
14581
14955
14826
14867
14926
14873
14830
14916
14765
14554
15119
14837
14633
15165
14908
14557
14640
15100
14823
14958
15147
14696
14811
14623
14554
15079
14840
14738
14850
14920
14679
15041
14822
14661
15002
14630
14836
15012
14606
14592
14682
14852
14412
14832
15165
15057
15028
14880
14455
15101
14871
14742
14769
15104
14839
15174
15069
14994
14942
14731
14967
15483
14716
14921
15030
15370
14739
14946
15065
14635
15227
15021
14816
14739
14896
14895
14851
14644
14343
14634
14857
14638
14897
14448
14533
14499
14677
14623
14784
14981
14544
14675
14559
14498
14822
14587
14531
14755
14859
14611
14650
14753
14488
14916
14633
14729
15054
14708
14608
14523
14818
14697
14819
15090
14573
14714
14536
14540
14697
14529
14397
14832
14894
14600
14718
14681
14492
14707
14371
14784
15166
14808
14911
14789
14566
14261
14741
15033
14584
15063
14936
14595
14937
14719
14471
14690
14790
14425
14801
14642
14408
14879
14617
14713
15243
14831
14956
14787
14664
14326
14797
15115
14626
14857
14678
14386
14482
14674
14448
14731
15172
14734
15098
15297
14671
15026
14881
14915
14962
15003
15037
15102
14863
14413
15133
14885
14761
14999
14730
14877
15032
14911
14905
15041
15200
14847
15217
14842
14819
15158
14880
14775
14853
14915
15030
15072
15004
14614
15005
14735
14712
15177
14992
14892
15033
14887
14750
14808
14947
14540
15141
14782
14687
14992
14642
14710
14742
14955
14750
14798
14773
14491
14993
14870
14824
15141
15038
14806
14996
14852
14337
14854
15245
14806
15043
14611
14773
14935
14693
14757
14801
14973
14718
15028
15119
14666
14974
14895
14671
14838
15092
14800
15012
14804
14372
15117
15214
14865
15214
14842
14690
14766
14764
15259
15089
15068
14857
15473
15110
14764
15244
15028
14650
15152
14926
14970
15069
14972
14441
15169
14981
14916
15008
14439
14769
14787
14662
14863
14886
14644
14365
14642
14310
14534
14692
14694
14621
14688
14761
14565
14630
14826
14382
14741
14542
14696
14780
14440
14730
14817
14574
14464
14711
14819
14706
14913
14620
14443
14982
14873
14694
14804
14711
14143
14725
14728
14317
14785
14562
14507
14993
14591
14872
14937
14949
14711
14948
14947
14759
14756
14493
14373
14499
14710
14817
14985
15106
14471
14795
14971
14555
15095
14942
14938
14683
14476
14863
14787
14866
14707
15054
15045
14848
14741
14484
14632
14724
14969
14825
14998
15037
14415
14790
14552
14294
15144
14907
14944
14971
15016
14802
14816
15077
14869
14936
14655
14701
15307
14902
14899
14978
14780
14654
14752
15131
15030
14904
14812
14577
15162
15072
15215
14964
14977
14789
14889
14857
14693
14925
14528
14611
15271
14982
14653
14816
15083
14638
15048
15138
14762
15148
14959
14814
15207
14998
14963
14984
14824
14558
14913
15006
14790
14953
14558
14752
14734
14696
14782
14916
15188
14726
14906
14912
14447
15208
14941
14708
15144
15150
14890
14930
14953
14777
14847
15144
14883
15183
14904
14757
14648
14801
14830
14959
15017
14596
15122
14981
14430
15109
14921
15012
14950
14833
14905
14904
15111
14873
15018
14633
14743
15304
15010
15044
15072
14804
14954
15154
15236
14790
15185
15005
14826
15269
15082
14657
14829
14952
15088
15147
14840
14573
14861
14505
14661
15039
14762
14775
14812
14519
14111
14704
15019
14538
14980
14889
14525
15040
14782
14588
14853
14983
14591
14733
15141
14558
14848
14535
14496
15166
14745
14553
14548
14502
14157
14627
14855
14343
14821
14607
14296
14457
14680
14611
14901
14910
14598
14768
14906
14720
14989
14620
14766
14811
14812
14654
15480
14645
14300
14782
14954
14545
15052
14931
14432
14571
14584
14454
14702
15049
14775
15020
14600
14511
15004
14799
14894
14941
14747
14917
14869
14773
14485
14980
14872
14725
14848
14857
14659
14791
14870
14590
14951
15067
14665
14840
14661
14807
15194
14805
14982
15034
15030
14552
15715
15027
14623
14885
14725
14806
15072
14916
14988
14762
15112
14662
15255
14942
14641
15116
14887
15175
15282
14891
15002
14978
14691
14542
15140
14876
14494
15158
15039
14809
15179
15112
