23812
24635
19603
19416
19336
19528
19702
19332
18978
19491
19290
19018
19753
19250
19592
20269
19586
18988
20050
19051
19494
19657
19437
19109
19155
18874
19114
19848
19591
19298
19374
19411
19550
19531
19271
19310
19399
19460
19202
19677
19461
19332
19235
19104
19310
19170
19090
19389
19678
19197
19595
19517
19577
19432
19645
19396
20014
19617
20236
19283
20530
19616
19489
19771
19096
19107
19532
19229
19370
19351
19170
19779
19315
19308
19547
19657
19275
19763
20284
19550
19201
19392
19458
19569
19704
19717
19587
19529
19375
19619
19423
19184
19564
19450
19300
19460
19683
19452
19824
19785
19642
19660
19786
19359
20833
21063
19628
19633
20844
19680
19018
19624
19624
19310
19571
19394
19422
19586
19204
20340
20363
19656
19448
19690
19428
19590
19621
20882
19248
19930
19740
19458
19268
19516
19383
19537
19564
19382
19387
19488
19710
19705
19437
19563
19799
19045
19708
19367
19622
19741
19849
19305
19086
19459
19192
19492
19400
19315
19087
19854
19564
19523
19836
19629
20312
20084
19384
19782
19644
19468
19734
19331
19567
19406
19555
19648
19386
19351
19719
19382
19807
19374
19548
19319
20072
19232
19735
19135
19501
19542
19714
19242
19961
19584
19729
19790
19379
19686
19389
19735
19194
19993
19396
19629
19857
19690
19458
19901
19673
19646
19708
19658
19795
19970
19309
19833
19570
18809
19534
19359
19062
19309
19479
19273
19220
19190
19296
18867
19305
19153
18958
19714
19371
19302
19845
19355
19655
19675
19366
19633
20811
19858
18933
19390
18965
19457
19604
19454
18954
19434
19368
19630
19478
19511
19432
19588
19115
19675
19490
19037
19541
19327
19652
19394
19584
19188
19265
19375
19489
19177
20123
20243
19404
19271
19462
19186
19935
19428
19785
19720
18947
19015
19701
19196
19152
19831
19045
19508
19444
19175
19097
19502
19502
19632
20170
19709
19181
19433
19168
19260
19538
19609
19537
19795
19928
19557
19534
18910
19477
19449
19491
19383
20779
19283
19795
19934
19422
19739
19575
19449
19714
19565
19685
19579
19690
20105
19159
19568
19368
21469
19528
19551
19366
19696
20062
20229
19767
19496
19660
19694
19523
19292
19644
19623
19399
20027
19472
19661
19649
20171
19345
19548
19559
19397
19891
19413
19910
19603
19371
20472
19489
19065
19577
19313
20053
19360
19783
19623
19485
19696
19083
19358
19488
19502
19115
19714
19358
19434
19541
19298
19400
19713
19122
19773
19743
19276
19480
19647
19254
19703
19618
19045
19344
19405
19323
19148
19731
19307
19443
19643
20063
19562
20090
19206
19560
19770
19252
19716
19986
19624
19802
19406
19416
20475
19642
19443
19291
19876
19481
19347
19798
19862
19496
19952
20410
19381
21359
19800
19467
19980
19963
19821
19247
19481
19256
19783
19086
19423
19685
19421
19129
19527
19064
19242
19498
19895
19311
19465
19960
18985
19364
19202
19610
19396
19501
19312
19485
19148
19169
19216
18950
19497
19242
19114
19207
19708
20358
19339
19398
19412
19342
19509
19368
19414
19534
19574
19257
19528
19449
19421
19545
19487
19549
19517
19255
19343
19560
19206
19450
19554
19841
19339
19866
19424
19981
19653
19330
19178
19741
19286
19567
19741
18938
19733
19115
19162
19170
19604
19176
19478
19339
19383
19345
19543
18951
19249
19647
19429
19513
19837
19164
19090
20176
19377
21148
19220
19275
19491
20331
19340
19562
19637
19390
19404
19798
19585
19702
19841
19907
19421
19765
19635
19505
19655
19712
19681
19908
19264
19300
19760
19444
21379
19655
19388
19399
19350
19291
19684
19619
19524
19506
19946
19466
19456
19746
19675
19496
19730
19413
18840
19719
19455
19318
19598
19319
19130
19831
19201
19704
19892
19643
19774
19492
19599
19431
19511
19468
19317
19767
19589
19308
19770
19047
19463
19476
19374
19311
19829
19448
19689
19440
19236
19583
19590
19006
19827
19363
19382
19720
19656
19556
19426
19794
19359
19245
19695
19424
19062
19829
19099
19640
20125
19531
19591
19955
19582
19830
19505
19920
19690
19735
19667
19532
19851
19565
19402
19269
19483
19412
19932
19424
19442
19739
19277
19483
19982
19329
19612
19399
19104
19899
19455
19280
19348
20481
19508
19149
19303
19354
20193
19417
19216
19243
19307
19276
18974
19596
19166
19551
19152
19309
19228
19379
19394
19557
19632
19079
19739
19385
19668
19018
19226
19273
19297
19239
19586
19116
19518
19209
19398
19247
19248
19365
19664
19012
19250
19451
19417
19677
19453
19064
19459
19608
19179
19407
19595
19253
19031
19657
19467
19502
19557
19296
19175
20108
19345
19758
19835
20176
19343
19415
19141
19406
19643
19445
19459
19451
19699
19357
19304
19300
19362
19579
20211
19678
19605
19223
19180
19647
19392
19555
19879
19176
19097
19617
19410
19554
19502
19154
19631
19672
19648
19825
19614
20007
19351
19693
19624
19684
19611
20352
19579
19589
19474
20069
19519
19304
19450
20508
19492
19494
19863
19410
19638
19584
19542
19287
20055
19726
19415
19715
19501
19306
19888
19441
19195
19895
19194
19471
19386
19151
19250
19696
19361
19423
19944
19300
19493
19826
19631
19347
19686
19678
19305
21008
19425
19653
19870
19546
20086
19730
19194
19623
19835
19426
19508
19308
19291
19524
21057
19520
19614
20206
19507
19287
19732
19414
19383
19826
19762
18981
19406
19508
18992
19934
18980
19481
19687
19628
19517
19897
19502
19844
19699
19712
19284
19743
19422
19402
19876
20052
19590
20112
20118
19420
20200
19254
19362
19491
19626
19509
19785
19103
19508
21080
19378
19209
19427
19416
19490
19405
19599
19404
19668
20043
19035
19595
19360
19251
19343
19126
18892
19584
18991
19759
19855
19248
20367
20646
19003
19443
19574
19397
19441
19698
19339
19184
19369
19607
19509
19560
19384
19391
19388
18942
20713
20042
19137
19027
19626
19268
19658
19509
19463
19182
19706
19628
19673
19547
19492
19459
19892
19640
18952
20077
19393
19586
19570
19175
19405
19587
19109
19630
19549
19507
19662
19781
19308
20356
19275
20048
19501
19356
19543
19227
19703
19289
19179
19587
20129
19242
19438
19063
19550
19341
19268
19563
19829
19246
19522
21335
19623
19681
19749
19326
19638
19650
19519
20034
19747
19509
19391
19806
19590
19730
19768
20280
19530
19727
19413
19888
19621
19200
21105
19970
19512
19300
19903
19243
19375
19673
19642
19502
19451
19298
19437
19701
20447
19410
20937
