17487
14843
12558
12857
12710
12626
12396
12679
12518
12315
12608
12427
12374
12664
12562
12638
12615
12979
12476
12530
12439
12560
12606
12644
12487
12673
12514
12405
12778
12587
12472
12697
12369
12333
12626
12331
12628
12685
12397
12567
12663
12260
12468
12546
12429
12598
12644
12366
12317
12617
12347
12269
12608
12490
12403
12729
12224
12515
12717
12372
12670
12919
12523
12756
12672
12342
12574
12635
12580
12681
12738
12508
12311
12553
12339
12291
12715
12460
12387
12624
12250
12262
12489
12211
12486
12622
12364
12487
12451
12211
12306
12431
12355
12699
12778
12538
12568
12864
12706
12581
12802
12636
12532
12791
12511
12489
12755
12460
13676
12717
12400
12626
12802
12437
13572
12686
12749
12610
12645
12685
12452
12613
12616
12343
12431
13840
13086
12609
12617
12763
12628
12576
12678
12688
12566
12697
13474
12537
12789
12681
12366
12649
12566
12304
12684
13540
12532
12583
12302
12464
12576
12489
12440
12495
12356
12309
12531
12519
12521
12490
12348
12452
12982
12704
12956
12974
13913
13407
12873
12579
12554
12789
12735
12600
12833
12635
12676
12780
12563
12605
13560
12648
12752
12630
12755
12589
12544
12757
12510
12660
12769
12417
12683
12763
12418
12681
12936
12580
12908
12873
12695
12809
12807
12683
12781
12799
12644
12643
12781
12615
12683
12747
12491
12598
13507
12600
12272
12101
12428
12399
12167
12482
12466
12133
12324
12323
12029
12353
13001
12255
12417
12339
14208
12509
12260
12461
12616
12531
12422
13752
12364
12273
12409
12302
12318
12535
12367
12193
14667
15201
13844
12421
12159
12419
12473
12096
12340
12302
11980
12195
12394
12302
12291
12355
12289
12548
12550
12469
12523
12663
12508
12608
12523
12276
12488
12516
12352
12779
12691
12356
12450
12446
12143
12321
12506
12371
12462
12496
12292
12373
12424
12231
12338
12506
12343
12445
12313
12060
12273
12327
12634
12945
12983
12618
12766
12779
12495
12601
12900
12816
12709
12875
12867
12801
12936
12885
12766
12936
12784
12876
12885
12847
12879
12889
12628
12803
12841
12534
12785
12804
12454
12735
12715
12671
12527
12718
12659
12618
12771
12609
12559
12734
13873
12641
12714
13243
12635
12737
12293
12600
12597
12293
12572
12609
12332
12587
12575
12464
12402
12555
12431
12352
12433
12327
12371
12525
12410
12456
12423
12499
13986
12769
12573
13892
12776
12498
12750
12680
12401
12520
12752
12627
12581
12757
12554
12543
12623
12500
12513
12712
12622
12684
12605
12399
12585
12542
12400
12548
12582
12293
12493
12512
12235
12431
12967
12922
12751
12971
12816
12830
12871
12792
12836
13025
12773
12854
12961
12696
12913
12874
12602
12872
12888
12565
12830
12990
12507
12676
12864
12712
12726
12786
12419
12299
12545
12389
12428
12580
12736
12927
12779
12543
12724
12716
12504
12759
12819
12483
12662
12685
12452
12553
12805
12724
12584
12810
12577
12450
12655
12517
12579
12740
12602
12653
12622
12322
12549
12594
12330
12596
12657
12338
12517
12678
12401
12501
12704
12646
12528
12735
12614
12589
12680
12640
12630
12751
12633
12725
12631
12311
12579
12595
12455
12678
12688
12323
12534
12506
12165
12432
12675
12591
12469
12577
12328
12293
12489
12718
12864
12948
12810
12880
12845
12508
12749
12783
12544
12874
12957
12567
12764
12734
12366
12629
12783
12678
12673
12766
12793
12737
12888
12731
12696
12875
12707
12832
12801
12567
12789
12803
12469
12716
12869
12548
12850
12825
12531
12681
12765
12720
12640
12740
12631
12624
12799
12771
12534
12698
12538
12679
12711
12403
12648
12687
12383
12609
12623
12270
12694
12598
12296
12525
12583
12394
12416
12463
12322
12916
12967
12883
12883
12974
12840
12930
13019
12613
12886
12892
12704
12898
12918
12595
12890
12879
12539
12767
12857
12751
12669
12826
12699
12627
12785
12598
12732
12808
12695
12764
12766
12399
12800
12787
12533
12825
12842
12537
12733
12735
12411
12633
12748
12665
13305
12709
12643
12609
12715
12683
12586
12749
12604
12716
12774
12520
12659
12749
12424
12737
12738
12366
12641
12650
12327
12455
12638
12518
12961
13064
12658
12634
12780
12627
12734
12921
12709
12878
12723
12452
12704
12642
12466
12779
12766
12541
12611
12664
12378
12460
12649
12680
12545
12618
12512
12431
12489
12407
12453
12636
12522
12565
12603
12223
12484
12590
12338
12568
12569
12247
12477
12457
12207
12259
12503
12407
12356
12625
12345
12279
12422
12275
12391
12564
12436
12476
12506
12074
12328
12359
12255
12444
12463
12129
12359
12370
12007
12664
12961
12804
12780
13002
12753
12678
12762
12625
12731
12894
12746
12837
12769
12477
12696
12826
12471
12804
12767
12453
12631
12647
12331
12552
12727
12620
12646
12762
12673
12651
12781
12668
12662
12934
12828
12878
12988
12617
12863
13012
12596
12874
12911
12540
12878
12869
12608
12771
12829
12660
12637
12778
12712
12665
12781
12731
12591
12694
13735
12698
12803
13411
12641
12690
12304
12615
12653
12317
13013
13044
12744
12873
12998
12831
12846
12967
12741
12705
12874
12724
12752
12904
12726
12892
13030
12597
14108
12872
12556
13572
12871
12544
12775
12777
12477
12721
12787
12714
12622
12799
12647
12563
12674
12652
12700
12854
12592
12728
12715
12380
12609
12682
12451
12734
12748
12426
13426
12603
12306
12511
12640
12516
12537
12618
12548
12456
12611
12493
12523
12593
12459
12571
12585
12336
12529
12550
12256
13080
13147
12800
13000
13040
12763
12984
12991
12905
12854
12985
12530
12622
12667
12627
12658
12736
12597
12726
12726
12344
12679
12541
12444
12665
12648
12430
12644
12540
12241
12360
12610
12539
12473
12608
12676
12629
12741
12696
12669
12858
12718
12810
12688
12442
12674
12713
12582
12750
12788
12428
12716
12692
12280
12501
12693
12613
12542
12635
12536
12474
12585
12524
12652
12788
12649
12707
12649
12308
12673
12697
12492
12795
12832
12466
12672
12648
12330
12447
12765
12661
12602
12748
12499
12413
12632
12498
12537
12693
12742
12648
12551
12302
12476
12515
12343
12614
12602
12393
12441
12432
12199
12286
12511
12573
12591
12663
12644
12637
12813
12628
12604
12748
12567
12676
12715
12430
12640
12663
12301
12595
12604
12356
12677
12660
12363
12462
12571
12465
12402
12540
12484
12437
12488
12468
12296
12496
12366
12458
12829
12468
12742
12793
12438
12672
12692
12651
