24155
25509
19424
19289
19273
19389
19261
19180
19283
19074
18969
19146
19095
18904
19008
18858
18671
18832
18877
18771
19204
18848
18770
19049
18688
18693
19167
19033
19029
19184
18992
18852
19026
18792
18744
19506
19353
19205
19379
19105
18926
19169
18946
18782
19467
19180
19073
19392
19036
18980
19222
19086
19448
19602
19460
19335
20110
19204
19118
19236
19253
19200
19273
18954
18844
19137
18788
18661
19089
18821
19261
19501
19125
19056
19353
19230
19220
19377
20185
19313
19364
19269
19095
19274
19259
19133
19226
19333
19089
19507
19023
19020
19440
19114
19058
19286
19238
19192
19462
19300
19188
19377
19143
19122
19696
19548
19421
19624
19397
19248
19408
19090
19141
19697
19422
19313
19525
19178
19611
19393
19148
19112
19645
19459
19329
19551
19392
19229
19479
19298
19983
19580
19975
19305
19451
19030
19042
19280
18970
19157
19380
19118
19082
19327
18883
18900
19137
19219
19172
19371
19155
19122
19210
19115
18950
19138
19406
19370
19425
19168
19016
19325
19064
18916
19290
19370
19303
19620
19144
19162
19392
19835
19215
19371
19217
19167
19237
19217
18981
19136
19081
18980
19705
19320
19946
19543
19134
19157
19464
19103
19078
19381
19104
19060
19395
19215
19150
19247
19054
19309
19529
19424
19244
19359
19336
19148
19274
18957
19144
19449
19069
19039
19342
19020
18951
19245
18600
18889
19140
18947
19034
19094
18941
18813
18966
19169
19087
19235
19156
19080
19194
18866
18773
18988
19082
19036
19399
19074
19038
19225
18873
18878
19125
19310
19262
19385
19241
19166
19234
19298
18982
19527
23345
29021
33562
37472
45905
49615
23125
18969
19048
18815
18979
19559
19421
19504
19453
19273
19309
19332
19097
19277
19403
19183
19107
19150
18778
18983
19008
18767
18960
19380
19051
19071
19659
18846
19152
19289
19761
19401
19343
19642
19104
19115
18965
19163
19208
19053
19503
19391
19111
19294
19338
19131
19214
19360
18995
19512
19662
19372
20000
19538
19388
19403
19432
19408
19394
19371
19324
19243
19209
19083
19054
19171
19380
19540
19571
19241
19368
19380
19206
19271
19372
19303
19584
19527
19396
19448
19439
19303
19371
20224
19309
19354
19361
19207
19129
19258
18970
19105
19738
19373
19416
19579
19289
19346
19439
19071
19266
19630
19385
19441
19508
19303
19346
19336
19193
19387
19375
19211
19155
19244
18994
19006
19095
18943
19275
19328
19034
19079
19184
18893
19168
19259
19566
19603
19604
19381
19514
19448
19285
19422
19447
19540
19518
19503
19203
19332
19459
19230
19331
19395
19096
19276
19400
19084
19252
19312
19124
19198
19718
20223
19600
19670
19433
19559
19532
19350
19299
19561
19225
19396
19440
19141
19371
19377
19793
18884
19254
18874
19161
19189
19112
19080
19249
18877
19412
19359
19198
19318
19354
19674
19079
19149
19351
19210
19373
19117
19237
19388
19016
19062
19239
18875
19213
19275
19200
19140
19150
19000
19002
18959
19116
19162
19245
18996
18984
18945
18703
19517
18908
19015
19086
19179
18927
19034
19024
18722
18966
19114
19179
19254
19270
18946
19028
19003
18828
19051
19607
19429
19359
19348
19041
19145
19252
19049
19206
19332
18964
18972
19136
18876
19004
19209
19057
19588
19567
19247
19402
19304
19192
19373
19388
19262
19449
19320
19137
19165
19254
19051
19152
19287
18921
19289
20017
19052
19369
19247
19158
19167
19134
19280
19477
19403
19287
19268
19322
19068
19094
19196
19376
19482
19797
19281
19427
19465
19176
19327
19427
19325
19573
19519
19400
19418
19393
19399
19392
19669
19595
19520
19576
19375
19305
19472
19145
19323
19646
19350
19494
19549
19171
19310
19381
19829
19293
19672
19473
19571
19501
19434
19423
19368
19262
19600
19560
19412
19410
19501
19117
19224
19346
19055
19546
19668
19314
19398
19505
19162
19386
19442
19248
19582
19581
19453
19468
19477
19371
19448
19431
19259
19215
19265
18969
19086
19148
19004
18994
19129
19335
19497
19638
19253
19488
19569
19368
19478
19469
19321
19358
19314
19204
19360
19242
19108
19088
19655
19436
19448
19538
19307
19411
19563
19160
19073
19246
18939
19164
19275
19165
19175
19100
18922
19379
19407
19292
19401
20037
19256
19179
19211
18914
19328
19361
19112
19261
19342
19004
19063
19150
18855
19382
19433
19328
19358
19372
19219
19140
19144
19279
19440
19420
19275
19191
19270
19032
19104
19096
19212
19402
19470
19109
19218
19278
18947
19222
19321
19262
19253
19266
18960
19056
19735
18859
19025
19684
19459
19377
19411
19022
19183
19329
19060
19170
19301
18945
18996
19100
18717
18986
19153
18954
18990
19380
19085
19096
19136
19007
19081
19154
18933
19488
19438
19157
19280
19312
19152
19236
19360
19013
19449
19540
19224
19473
19361
19223
19258
19311
19353
19424
19383
19259
19198
19260
19145
19141
19243
19097
19281
19357
19000
19146
19215
18870
19044
19182
19244
19411
19464
19208
19379
19301
19186
19227
19726
19510
19606
19631
19449
19386
19528
19133
19295
19401
19150
19221
19272
18948
19032
19119
18808
19069
19575
19533
19497
19514
19374
19401
19374
19317
19408
19392
19272
19189
19257
18911
19033
19101
18833
19496
19627
19259
19334
19482
19135
19371
19461
19250
19457
19465
19246
19335
19335
19103
19289
19222
19234
19259
19301
18985
19154
19149
18911
19029
19176
19349
19533
19560
19293
19473
19532
19376
19421
19512
19372
19363
19344
19268
19389
19367
19152
19052
19552
19216
19347
19422
19231
19286
19314
19029
18873
19377
19120
19306
19429
19256
19352
19333
19542
19149
20123
19135
19249
19213
19163
19145
19014
18815
19169
19301
19112
19266
19254
18984
19135
19099
18779
19156
19181
19143
19086
19582
18937
18898
18902
19099
19189
19224
19008
19031
18975
18648
18749
18895
18929
19041
19688
18804
18938
19045
18660
19018
19105
19214
19721
19251
19066
19076
19104
18851
19068
19536
19332
19291
19255
19006
19152
19216
19052
19160
19595
19173
19204
19290
19054
19187
19338
19240
19183
19345
19088
19211
19166
19085
19183
19257
19046
19233
19172
18900
18980
19074
18926
19058
19121
18786
19485
19571
19249
19541
19556
19298
19400
19386
19330
19623
19666
19493
19460
19558
19300
19273
19455
19367
19474
19626
19333
19380
19456
19189
19317
19390
19223
19485
19435
19253
19288
19303
19267
19277
19357
19358
19358
19368
19124
19138
