24101
25455
19094
19278
18946
19476
19543
18677
19329
19189
18971
19256
19401
18982
19415
19099
19143
19680
19505
19322
18998
19379
19472
19355
19378
19382
19424
19053
18899
19480
19255
18969
19328
19289
18824
19115
18940
19095
19578
19064
19084
19410
19016
18992
19496
19658
18829
19249
19231
19087
19193
19414
19270
19236
19472
19088
20254
19401
19120
19298
19950
18815
19553
19507
19200
19479
19156
19072
19381
19613
19164
20612
19258
19083
18982
19266
19306
19564
19616
18782
19229
19017
18987
19323
19725
18992
19393
19472
18845
19388
19004
19223
19478
19380
19253
19606
19755
19189
19380
19315
19244
19551
19332
18985
19394
19290
19461
19468
19500
18993
19587
19633
19056
19589
19502
19269
19770
19408
19162
19359
19208
19346
19543
19483
19402
19122
19098
18941
19568
19346
19314
19536
19122
19159
19316
19410
19500
19758
19145
19096
19550
19607
19077
19600
19550
19188
19327
19359
19122
19562
19685
19056
19362
19022
18866
19347
19488
19066
19202
19163
19145
19673
19373
19275
19623
19401
19213
19360
19427
19636
19441
19204
19069
19412
19694
19365
19362
19482
18995
19351
19105
19226
19488
20391
19486
19399
19409
19196
19376
19423
19335
19142
19314
19343
19383
19374
19329
19529
19507
19213
19338
19518
19111
19407
19257
19466
19704
19277
19370
19533
19421
20478
19644
19292
19666
19440
19431
18768
19342
19175
18913
19240
19440
18911
19197
18953
18816
19252
19363
18934
19292
19253
18812
19618
19072
19730
19525
19240
19132
19327
19253
19157
19300
18850
19143
19178
19285
19133
19175
19600
18630
18976
19193
19055
19395
19229
18630
19363
18777
19081
19487
19182
19135
19042
19307
19104
19340
19598
19410
19510
19078
19244
19540
19151
18972
19390
19206
18998
19430
19308
19373
19315
19010
18825
19079
19147
19048
19371
19356
18975
19159
18983
18990
19373
19260
18744
19238
18861
19011
19112
19079
19334
19566
19205
19088
19730
19137
19527
19576
19356
18958
19387
20297
19208
19568
19596
19286
19467
19484
19454
19609
19512
19138
19182
19302
19553
19752
19272
19490
19239
19556
19165
19584
19518
19326
19898
19516
19149
19554
20388
19620
19182
19335
19202
19635
19193
19010
19410
19725
19099
19186
19530
19145
19627
19600
18972
19441
19491
19569
19305
19511
18881
19272
19443
19091
19331
19498
19611
19516
19065
19109
19574
19618
19170
19515
19126
19391
19427
19349
19069
19415
19394
19233
19331
19462
19444
19278
19141
19293
19404
19340
19089
19546
19440
19046
19467
19170
19118
19450
19463
19845
19320
19231
19253
19626
19425
19444
19624
19343
19400
19534
19536
19290
19956
19247
19165
19571
19160
19623
19560
19143
19026
19644
19227
19268
19618
19603
19067
19702
19622
19310
19649
19125
18850
19224
19099
18984
19418
19516
19313
18919
18929
18882
19350
19262
19108
19501
19230
18721
18973
19157
18955
19691
19095
18960
19300
19105
18894
19210
19160
19049
19195
19520
18971
19306
19506
18779
19262
19219
18797
19470
19251
19048
19002
19061
18980
19570
19151
19295
19592
19332
18951
19373
19407
19046
19447
19151
18852
19450
19098
19241
19195
19144
18797
19481
19180
19052
19410
19473
19057
19442
19405
19382
19399
19123
19275
19126
19298
18949
19276
19512
19268
19184
19121
19267
19402
19512
19226
19599
18913
18944
19512
19359
19057
19348
19323
19285
19356
20256
19171
19611
19609
19169
19536
19364
19071
19335
19797
19101
19286
19284
18892
19304
19450
19116
19361
19051
19150
19476
19553
19554
19634
19312
19200
19477
19359
19142
19570
19325
19076
19650
19517
19258
19337
19264
19047
19181
19500
19258
19636
19235
19651
19546
19636
19294
19365
19355
19432
19286
19210
19097
19435
19553
19214
19350
19244
18912
19545
19156
19290
19449
19171
19071
19204
19404
19193
19845
19618
19173
19237
19526
19033
19720
19270
19079
19462
19245
19144
19243
19500
19102
19489
19369
19140
19656
19269
19078
19668
19248
19253
19512
19423
19395
19410
19424
19278
19507
19435
19739
19875
19412
18898
20330
19374
19009
19408
19640
19414
19236
19243
19084
20102
19701
19376
19401
19225
19448
19359
19852
18943
19293
19178
19056
19352
19120
19354
19335
18812
18914
19288
18992
19096
19564
19330
18932
19331
18809
18983
19284
19284
18816
19276
19236
19137
19338
19378
19021
19162
19240
19008
19031
18958
18763
18950
19080
18755
19169
19431
18845
19259
18993
18880
19645
19385
19290
19376
19308
19021
19295
18969
19001
20234
19536
18953
19065
19135
18846
19096
19313
18800
19340
19298
19026
19529
19124
19458
19264
19274
19335
19330
20088
19177
19609
19337
19193
19636
19177
19152
19354
19232
18650
19142
19284
19158
19365
19436
19149
19147
18939
19073
19566
19248
19081
19144
19539
19517
19309
19344
19198
19180
19128
19269
19490
19628
19231
19743
19023
18919
19601
19304
19791
19928
19328
19475
19531
19769
19106
19417
19320
19251
19327
19328
19139
19375
19603
19018
19483
19263
18940
19566
19420
19290
19351
19238
19212
19913
19450
19220
19668
19677
19397
19442
19705
19377
19554
19424
19029
19648
19612
19222
19567
19258
18913
19624
19254
19197
19377
19343
19057
19153
19041
18996
19820
19642
19287
19676
19190
19273
19305
19449
19496
19436
20121
19214
19634
19363
18998
19652
19150
19429
19526
19368
19368
19813
19424
19133
19366
19425
19361
19750
19378
19219
19504
19292
19500
19607
19619
19343
19328
19262
19010
19452
19571
19603
19761
19117
19216
19611
19261
19212
20501
19327
19276
19326
19252
19122
19517
18921
19286
19352
19354
19250
19238
19070
18600
19064
19151
19067
19269
19281
18876
19195
19095
19138
19442
19245
19412
18946
19890
19438
19069
19262
18996
19286
19215
18709
19195
19190
18888
19421
19044
18969
19329
19291
18976
19342
19244
19114
19455
19641
19381
19470
19579
18881
19216
19070
19242
19267
19715
19289
19204
18956
18866
19542
19106
19226
19556
19194
19130
19054
19029
19172
19310
19439
19057
19189
19294
19267
19398
19481
19270
19410
19133
19284
19270
19222
19099
19006
19263
19142
19615
19429
18857
19264
19141
18857
19240
19230
19327
19390
19643
19127
19521
19708
19291
19483
19122
19140
19558
19217
19281
19363
19272
18874
19423
19756
19782
19880
19551
19436
19272
19810
19419
19655
19787
19122
19441
19193
19003
19608
19481
19330
19168
19304
19159
19568
19231
19301
19207
19077
