25197
26643
20042
19852
20296
20071
19969
20096
20019
19809
19995
19897
19813
19969
19919
19621
20074
20033
19650
19880
20624
19647
19880
19688
19961
20239
20071
19834
20251
20130
19930
20128
20083
20014
20210
20168
20061
20142
20147
19922
20224
20240
19882
20627
20171
19883
20111
19938
19864
20157
19985
19797
20182
20013
19964
20114
20989
20027
20230
20180
20090
20319
20226
20274
20662
20267
19961
20239
20282
19908
20206
20026
19714
19991
19894
19603
20061
19847
19701
20198
19861
19769
20081
19966
19882
20033
19933
20024
20041
19954
19640
19888
20006
19643
19924
20073
19941
20243
20035
19822
20042
19856
19876
20265
20125
20047
20166
20129
19942
20129
20056
21059
20490
20414
20140
20344
20275
19968
20567
20339
20219
20387
20289
20080
20274
20117
20038
20173
20044
19999
20139
20080
19820
20011
20357
20187
20303
20246
19970
20194
20172
19793
20273
20120
19798
20065
19974
19936
20207
19826
20113
20194
19998
19919
20110
20030
19945
20011
20496
20254
20355
20278
19971
20238
20280
19938
20532
20379
20091
20388
20202
19922
20269
20075
20022
20214
20079
19960
20033
19983
19815
20848
20341
20043
21008
20133
19859
20079
20149
20211
20517
20318
20172
20415
20301
19970
20304
20186
20185
20210
20085
20072
20174
20084
19999
20385
20419
20402
20368
20234
19941
20150
20138
20232
20610
20304
19860
20155
19892
19695
20054
19981
19952
20018
19742
19749
19824
19749
19754
20381
20307
20033
20152
20052
19769
20039
20145
20018
20350
21011
19829
20084
20020
19801
20410
20187
20140
20228
19989
19888
20132
19980
20181
20358
20286
20056
20100
20050
19778
20064
20092
19787
20137
19854
19844
19903
19747
19478
20161
20006
19894
20897
19858
19684
19923
19750
20029
20240
20130
19992
20021
19887
19579
19851
20156
19827
20201
19918
19632
19868
19722
19468
20323
20166
20020
20244
19872
19860
19945
20193
20127
20326
20310
19990
20156
20034
19732
20286
20333
19988
20342
20044
20789
20263
20088
20237
20479
20277
20202
20412
20168
20130
20269
20532
20269
20501
20391
20123
20372
20324
20003
20447
20279
19996
20281
20083
19938
20137
20244
19916
20163
20032
19902
20851
20003
19844
20060
20315
20080
20271
20274
19961
20168
20088
19818
20269
20158
19841
20198
20029
19690
19953
20126
19883
20184
20028
19968
20045
19871
19772
20306
20248
20041
20421
20280
20459
20031
20014
20070
20337
20334
19965
20278
20165
19863
20144
20305
20155
20492
20334
20189
20288
20106
19975
20454
20443
20226
20425
20378
20114
21017
20209
19949
20156
20234
19846
20128
19929
19728
19963
20402
20157
20527
20354
20217
20330
20231
20269
20404
20319
20140
20311
20256
20064
20189
20379
20046
20369
20331
20006
20231
20085
19509
20326
20153
20428
20316
20092
19980
20121
19964
19820
20037
19905
19808
19929
19964
19715
19799
20242
19897
20172
20237
19959
20215
20019
19741
20060
19996
19698
19996
19840
19825
19851
19711
20058
20250
20197
20130
20209
20195
20782
20068
20244
19949
20145
20292
19939
20149
20039
19905
20105
20068
19791
20133
20022
19918
20222
20058
19960
20086
20045
19985
20099
20043
19792
20402
20286
20031
20244
20321
19925
20304
20071
19813
20043
20016
19685
20067
19913
19854
19903
20216
20145
20247
20152
20069
20289
20232
20059
20372
20211
19947
20142
20172
19885
20973
20014
20929
20378
20205
20014
20213
20062
19997
20522
20357
20345
20452
20442
20136
20314
20281
20092
20396
20293
19981
20257
20183
19812
20082
20142
19999
20488
20163
19877
20134
19944
19852
20483
20328
20223
20392
20342
20146
20255
20215
20253
20509
20399
20104
20438
20295
19946
20348
20330
20086
20356
20203
19974
20283
20101
20019
20472
20241
20185
20346
20301
20124
20299
20227
20152
20283
20177
19838
20099
20176
19803
20409
20955
20233
20098
19933
19767
20073
19876
20367
20438
20224
20140
20311
20247
20138
20279
20488
20254
20408
20335
20052
20285
20300
19920
20290
20107
19955
20198
20036
19757
20113
19926
20215
20333
20923
20019
20269
20159
19943
20109
20509
20192
20343
20282
19962
20203
20186
19820
20341
20186
19606
19985
19810
19510
19879
20038
19956
20049
19760
19658
19864
19775
19620
20432
20307
20095
20139
20437
19763
20103
20095
20046
20293
20148
19875
20133
20000
19756
20061
19969
19952
20023
19701
19673
19873
19860
19680
20148
20080
20714
19960
19950
19624
19885
19870
19985
20332
20086
19841
20070
19934
19705
20165
20313
20240
20369
20103
20038
20179
20108
19994
20182
20151
19999
19939
19878
19591
19807
20481
20141
21191
20197
19874
20111
20068
19757
20439
20349
20193
20373
20017
20123
20129
20026
20100
20242
20389
19976
20024
19956
19580
19881
20451
20098
20418
20184
20073
20387
20298
19977
20390
20219
20155
20300
20234
20100
20177
20168
20037
20172
20136
19909
21023
20086
19766
20013
20477
20176
20407
20261
20090
20330
20208
19950
20394
20115
20120
20173
20027
19956
20110
20305
20057
20203
20240
19920
20178
20143
19842
20559
20432
20104
20832
20223
19951
20212
20070
20128
20441
20247
20187
20306
20111
20013
20210
20170
20056
20196
20182
19930
20064
20016
19689
20441
20428
20132
20433
20988
19980
20197
20063
19931
20248
20041
19939
20140
19886
19820
20008
20160
20076
20191
20085
19913
20062
19984
20202
20526
20471
20128
20450
20298
20025
20338
20240
19926
20286
20032
20059
20093
20176
19839
20427
20364
20260
20367
20370
20114
20222
20163
20118
20373
21225
20056
20416
20129
19650
19936
20170
19953
20304
20095
19970
20177
19912
19838
20023
19920
19822
20037
19970
19678
19899
19773
19984
20268
20245
19948
20331
20038
20517
19994
20008
19791
20171
19998
19826
19990
19743
19883
20019
19944
19824
19997
20044
19706
19777
20263
19922
20249
20239
19921
20211
20070
19814
20299
20169
19860
20343
20148
20011
21001
20014
19956
20181
20060
19975
20202
20133
19820
19905
20374
19987
20276
20285
19945
20299
20882
19749
20012
19988
19660
20151
19871
19867
19962
19706
20035
20249
20162
20132
20235
20226
19924
20401
20267
19992
20278
20292
20005
20320
20070
20008
20283
20457
19936
20100
19988
19839
20050
20436
20302
20474
20438
20143
20359
20329
20033
21409
20494
20219
20514
20323
20018
20359
20097
20236
20447
20354
20096
20335
20169
20071
20226
20181
20081
20228
20178
19934
20122
20085
19793
