19389
17771
15577
14471
14890
15163
14846
14684
14665
14612
14835
14809
15106
14757
15149
14857
14521
14692
15235
14848
14684
14499
14841
14985
14919
14511
14935
14551
14938
14779
14856
14810
14846
14537
14667
14889
15066
14828
14618
15636
14803
14889
14789
14833
14995
15022
14953
15283
14404
14729
15062
14865
15107
15051
14501
15130
15211
14807
14973
14719
15673
14873
14817
14766
14952
15007
14714
14812
15465
14936
14984
15098
14914
14507
14870
14532
15067
15106
14848
14573
15054
14772
14882
14674
14862
15116
15074
15114
14391
15123
14784
14573
14777
15314
14724
14957
14715
15046
15493
14963
14823
15251
14886
15029
15161
15098
15231
15218
14997
15046
16264
14908
14889
15902
15404
14846
15132
14908
15012
14876
15857
14808
15139
14697
14832
15107
14957
16232
14891
14728
14801
14921
15061
14672
14882
15002
15015
15301
15129
15027
15092
14845
15028
15340
14860
14977
15230
14438
15237
15126
14917
16752
15192
14727
15007
15072
14902
14855
14904
15211
14835
15258
15213
14953
15054
15200
15041
15046
14791
14936
15570
14699
14872
15315
15029
14817
14642
15095
15014
14882
14989
15044
15128
14873
15327
14998
15352
14687
15085
14946
14909
15421
14835
15069
15021
15119
15142
15276
14903
14920
15283
14836
14972
15108
14832
14684
14951
14972
14764
15080
15178
14955
15035
15478
14840
15152
14814
14675
15075
14442
15085
15197
14388
15151
14939
14639
14563
15090
14814
14420
14832
15042
14625
14685
14799
14747
14870
15043
14958
14761
14636
14617
14768
14630
15090
15077
14723
14742
14945
14495
14831
14627
15305
14748
14944
14851
14587
15045
14902
14603
14805
14793
14616
14940
14723
15061
14972
14817
14711
15401
14873
14717
14753
14783
14801
14615
14669
14875
15148
14818
14861
15063
15058
14657
15010
15279
14865
14995
14801
14731
15009
14840
14994
14973
15129
14830
15014
14609
14570
14938
14953
14885
15064
15098
14692
14929
14840
14727
14927
14999
14725
15148
15384
14844
15078
15139
14922
15146
14522
15044
15213
15049
14802
15528
15342
14858
14929
15124
14940
14853
15042
15108
15034
14781
14719
14859
14994
15240
15181
15007
14910
14910
14917
14991
15205
14924
14986
15122
14873
15008
15004
15135
15309
15069
15103
14788
14936
15164
14911
14803
14538
14881
14965
14514
14643
15320
14808
15124
14714
15176
15006
14944
14885
15231
15148
15131
14886
14755
15014
14993
14978
15524
14981
15445
14808
14777
15306
15030
15055
14848
15003
15109
14944
14668
15047
15133
14932
14841
15339
15140
15126
15218
15201
14937
15099
14792
14827
15388
15000
15163
15060
14951
14962
15006
14696
15206
15230
14694
14771
15337
15083
14914
14962
15252
14940
15052
15272
14916
15256
15194
14810
16072
15187
15007
14788
14426
15740
15253
14610
14538
14778
14621
14752
14857
15019
14611
14837
14699
14797
14520
14997
14577
15099
15066
14575
15157
14519
14848
15012
14799
14532
14996
14617
14708
14740
14701
14461
14724
14891
14697
14814
15006
14613
14723
14681
14447
14931
14960
14721
14902
14542
14581
15065
14604
15078
14915
14986
15133
15521
14533
15029
15140
14943
14885
14864
15065
14833
15012
14886
15042
14924
14884
14834
15090
14467
14766
14727
14698
14625
15345
14561
15298
15284
14546
14705
14686
15147
14817
14747
15213
16015
14806
14546
14706
14975
15083
15032
14907
15552
15549
15236
14692
15013
15368
15026
14903
15262
14894
15043
15141
14946
14826
15158
15228
14843
15110
15302
14916
14784
15147
14997
14965
15006
15021
15444
15029
14747
15000
15026
14901
14961
14864
15100
15015
14964
14962
14814
15023
14838
14672
15192
14962
14754
15067
14979
15153
14988
14835
15273
14842
15074
15098
15175
14837
15078
14678
15283
15256
14959
14816
15059
15481
14951
14915
14767
14909
15007
15277
14975
14943
15319
15052
15086
14840
15127
14951
14690
15247
15319
16132
15044
14954
15170
15287
15208
15110
15089
14991
15185
14943
15259
15084
15003
15158
15013
15348
14924
14731
15238
15235
14843
14823
15795
15326
14884
15205
15461
15012
15286
15137
15006
15388
15171
14754
15096
15295
15275
15425
14410
15227
14954
14750
14886
14894
14674
14964
14793
14621
14369
14663
14749
14628
15028
15238
14752
14390
14820
14797
14818
15183
15103
15156
14671
14831
15044
14770
14587
14863
15121
14775
15678
14641
14437
14895
14966
14570
14659
14894
14451
14568
14410
14866
14648
15068
14813
15047
14987
14794
14768
14832
15011
14913
14640
14883
15102
14557
14687
14623
15022
14605
15019
15097
14921
14853
14995
14689
15289
15538
15233
15042
14822
15550
14935
14496
14733
14870
14798
14717
14721
15001
14759
14904
15012
15445
14754
14933
14647
14682
15126
14619
14733
14960
14829
14735
14524
15339
15218
15156
15093
15142
14977
15211
15219
14893
15066
15072
15205
14881
15037
15256
14657
14930
15467
14766
14877
14784
15210
15228
15138
14839
15202
15024
14833
14969
14873
15215
15124
14732
14782
15036
14959
14982
15102
15194
15142
15105
15012
14796
15010
15058
14835
15363
15001
15074
15174
14873
15052
15073
14983
14689
15435
14920
14765
14892
15067
14941
15006
15040
15221
15255
14886
14424
14985
15024
15219
15204
15676
15025
15028
15213
14569
15403
15069
14871
14913
15175
14967
14958
14886
14839
15275
15266
14714
15260
15052
14738
15142
15371
15114
15503
14879
14847
15075
14807
14979
15220
14804
14977
14914
14853
15269
14833
14949
14471
15295
15259
14716
15109
16507
14995
15036
15065
15393
15282
15034
14494
14719
14457
14625
15010
14533
15062
14764
14604
14592
15084
15284
15379
14758
15030
14733
14466
15438
14673
15089
14924
14909
14982
14510
14884
14954
14391
14586
15060
14881
14651
15901
14576
14625
14727
14941
14685
15135
14552
15086
15244
14689
14684
15073
15145
14922
15001
14502
14992
14921
14865
14968
15042
14905
14668
14971
14850
14479
14719
14847
15503
14766
14907
14910
14839
14924
14802
15399
15229
14869
15041
14680
14765
14991
14707
14900
14991
14799
14868
14957
15408
14662
14993
15095
14718
14984
14811
14576
14910
15003
14633
15016
14765
15263
15141
16221
14734
15024
15203
14965
15044
14809
15085
15248
14748
14551
15403
15003
14732
14916
14985
14784
15291
14851
15132
15234
15294
14952
14914
14861
15205
14898
14557
14956
15238
15069
14586
15507
14792
14871
15132
16651
15133
14753
14988
