25556
27006
19731
20023
20064
20954
19756
20017
19896
19704
19970
20292
20000
20006
20004
19882
19736
19620
19767
19724
19765
20085
19998
20175
19782
19768
19722
20147
19854
19910
19689
19740
19890
19540
19797
20135
19724
19826
19993
19773
19996
20044
20151
20248
20052
20278
19972
20341
20814
20014
20530
19942
20323
20342
20147
20160
21215
19834
20010
19942
20887
20163
20339
20010
19889
20295
20171
19873
20185
19927
20303
20302
19984
19858
19732
19991
19918
20097
20215
20077
20128
19651
19918
20364
20624
20207
20192
19640
19758
19974
20018
19773
19876
19899
19860
20089
20184
20072
20361
20138
20135
20475
20416
20579
20490
20156
20335
20544
20460
20008
20427
20757
19933
20406
20138
21242
20219
20128
19979
20448
20282
20098
20238
20157
20476
20183
19858
19923
20269
19919
20368
20353
20065
20136
20306
19853
20119
20295
20442
20073
20227
19920
19715
20265
20146
19903
20103
20135
20060
20590
19720
20042
20016
20024
19989
20214
19923
19764
20196
20147
20380
20059
20298
20065
20439
20226
20062
20525
20296
19928
20038
20463
20366
20340
19999
20041
20412
20102
20043
20141
20024
20270
20491
20336
20855
20315
20272
19903
20159
20388
19861
20403
20265
20036
20066
20019
20297
20102
20121
20150
20087
20604
20081
20495
20117
20443
20365
19976
19851
20019
20317
19852
20146
20200
20310
20193
20013
19732
19813
20029
19918
19851
19951
20064
20466
19813
20025
19988
19768
19832
20314
19783
20071
19935
20432
20472
20417
20203
19959
20718
20026
19677
20032
19872
20040
20502
20036
20013
20157
19791
19990
20138
20065
19787
20207
19935
19804
19976
19873
19855
19838
20863
19603
19779
19766
19794
20000
20138
19886
20164
19679
19746
19797
19959
19882
20010
19921
19833
20490
19861
19582
19908
20357
19769
20605
20336
19985
20349
20197
19727
20169
20281
20247
20329
19957
20256
20270
19685
20200
20245
20235
20391
20403
20052
19979
20073
19993
19801
20293
20219
20543
20361
21192
20303
20018
20399
19917
20230
19999
20249
20524
19926
19918
20284
20143
20082
20307
19984
19881
20039
20288
20080
19883
19993
19947
20116
19899
19812
20189
20209
20137
20076
19712
20825
20215
20101
20473
20735
20160
20118
20415
20280
20239
20289
20247
20246
20089
20354
19970
20227
20318
20275
20233
20207
20120
20243
19969
20332
20144
19882
20204
20630
19845
20182
20647
20070
19833
20175
20183
20106
19953
20109
19860
20188
20122
19786
20211
20051
20202
20274
20129
20032
20376
19794
20050
20151
20059
19945
20580
20000
20699
20246
20027
19680
20066
20086
19952
20259
20269
19946
20451
20096
20306
20257
20047
20405
20311
19960
20267
20499
20018
20352
20567
20262
20171
20345
20341
20123
20342
20261
20398
20345
20078
19658
19873
20019
19772
20165
19932
19968
20092
19890
19813
20103
20206
20102
20027
19762
19799
20020
19879
19688
20073
20112
19822
20129
19618
19431
19775
19708
19661
19849
19769
19725
20269
20061
19837
20006
20056
20004
20319
20872
19768
20255
20156
19627
20119
20346
19815
20720
20205
19951
20191
20168
20221
20170
20149
19976
20002
19679
19858
20191
20060
19997
20314
20077
19665
19808
20161
19647
20204
20122
19736
19960
20093
19650
19912
20012
19998
20207
19996
20233
19897
19672
19853
20746
19830
20006
19984
19832
19913
19969
20172
19451
19870
20290
20193
20060
20859
20262
20377
20531
20151
20391
20078
20348
20281
20173
20150
20551
20265
20125
20653
20235
20124
20100
20397
20156
20229
20171
20061
20267
20139
20520
20179
20190
20363
20371
20216
20172
20322
20163
19920
21439
20067
20289
20037
19879
20109
19960
20011
19879
20072
20139
20307
20317
20017
20079
19914
19935
20057
20000
19926
20117
19902
20036
20139
20561
20241
20171
20503
20328
20344
20156
20261
20272
20377
20596
19932
21059
20131
19922
20360
19996
20322
20602
20120
20171
20357
19945
20140
20343
19936
20011
20373
20003
19925
20186
20260
20250
20507
20239
19883
20141
20242
19962
20172
20152
20372
20113
20073
20068
20969
20080
20480
20506
20096
19932
20983
20025
20157
19984
20105
19852
20282
20216
19762
20003
19880
19704
20193
19836
20093
20133
20055
20287
20311
20030
20405
20373
20132
20160
20303
19802
19652
19940
19911
19836
20170
19967
20240
20073
19813
19670
20171
20153
20661
20086
20034
20228
20107
19780
20025
20237
19902
20038
19944
20798
20012
19852
19769
19914
19807
19956
20485
20063
20141
19929
21570
19960
20004
20325
19724
20121
20052
19762
19913
20227
19803
20140
20262
20142
19805
19794
20163
20102
20268
20506
19855
20308
19916
20046
20104
20290
20022
20114
19929
20278
20588
19717
19917
20167
20026
20182
20366
20055
19928
19820
19856
20114
20033
20094
19986
20194
20129
20525
20169
20038
20222
20151
20071
19883
20374
20000
20147
20376
20062
20361
20145
19793
20884
20407
20340
19879
20128
20272
20195
20075
20152
20115
20486
20061
20098
20427
19688
20187
20236
20109
20350
20438
20186
19980
20582
20258
20296
20439
20286
20139
20385
20364
19953
20293
19971
19820
20058
20192
20319
20343
20295
20247
20344
19852
20180
20404
19862
20153
20353
19922
20010
20193
20323
19690
20068
20210
19990
20836
20312
19856
20207
20081
20144
20215
20048
20807
20123
19982
20104
20233
19812
19851
20207
19837
19827
20251
20147
19810
20483
20414
20215
20071
20372
20324
20122
20242
20301
20310
20198
20347
20336
20271
20558
20751
20167
20319
20433
19923
20106
20351
20255
20274
21077
20118
20358
20505
19799
19651
20375
20341
20301
20158
19912
20368
20085
19801
19712
19836
21332
19991
20496
19767
19781
19671
19878
19674
19888
20280
20242
20100
21206
19717
19863
19892
19921
19822
19862
19873
19971
19415
20072
20167
20411
20000
20419
20117
19766
19984
19937
19861
20170
20136
19747
19889
20242
19684
20324
20666
20401
20202
20100
20963
20175
19657
20201
20217
20477
20092
20288
20015
19786
20082
19849
19951
19949
20168
19970
20928
19993
19699
20182
20196
19987
20048
20035
19772
20350
19955
20578
20228
19798
19907
19981
19755
19522
19958
19986
19881
20011
20119
19984
21202
20688
20200
20478
20283
20015
20470
20213
20475
20468
20041
20357
20233
19931
20256
20229
19878
20698
20047
20305
19862
20210
20152
19842
20247
20051
20072
20374
20089
20105
20118
20067
20452
20374
20135
20095
20322
20073
19837
20315
19861
