19001
17381
14469
15175
14469
14677
15272
14588
14365
14758
14295
14608
14801
14638
14717
14722
14691
14908
15209
15052
15008
14675
14471
14362
14773
14467
14403
14574
14452
14647
15103
14436
14720
14711
14757
14532
14822
14516
14518
14858
14764
14590
14740
14675
14932
15196
14766
14604
14827
14293
14335
14619
14782
14595
15044
14896
15175
14887
14791
14353
14691
14739
14860
15351
14418
14789
14728
14717
14956
14833
14520
14830
15257
14177
14492
14850
14575
14696
15408
14812
14677
14808
14632
14849
15202
14819
14578
14921
14344
14623
15024
14641
14963
15526
14798
14819
15384
14734
14898
14943
14415
14456
15035
14730
14706
14970
14953
14872
14862
15019
15073
15241
14625
14898
14919
14619
14724
15183
14804
14882
15187
14927
14810
14924
14744
14897
14742
14625
14783
15218
14896
14874
15050
14648
15049
14872
15021
15129
15018
14827
14586
14978
14657
14747
14901
14513
14708
14856
14848
14888
15057
14618
14709
14766
14504
14774
15250
14740
14896
14859
15059
14985
15088
15020
14971
14888
14598
14438
14740
14692
14650
14805
14761
14977
15008
14635
14701
14928
14825
14839
15045
14726
15165
14977
14956
14700
14839
14880
14790
15314
14916
14647
15061
14718
14981
14984
14772
14830
15174
14763
15224
15242
15025
14899
15224
14661
14876
15059
14729
14885
14966
15457
14905
15160
14759
14985
15035
14598
14414
14831
14655
14712
15009
14271
14369
14965
14789
14787
15043
14620
14737
14767
14749
14415
14744
14645
14602
14889
14460
14546
14928
14456
14776
14579
14522
14391
15038
14745
14309
14816
14657
14492
14911
15066
14673
14933
14494
14298
14470
14498
14742
14832
14594
14610
15009
14462
14627
15016
14669
14603
14870
14526
14658
14805
14673
14811
14982
14903
14716
15039
14542
16126
14729
14655
14518
14948
14612
14671
15200
14595
14654
14657
14789
14614
15227
14854
14507
14520
14561
14754
14926
14787
14891
15015
14867
14790
14971
14802
15022
14864
14594
14827
14823
14750
14586
15226
14818
14592
15068
14887
15018
15264
14816
14919
14958
14557
14901
15015
14921
15041
15219
14810
14809
15192
14949
14950
14992
14760
14728
15086
15080
14733
14871
14816
14857
15091
15027
15102
14769
14671
14824
14949
14760
14997
15077
15008
14779
15156
14667
14672
15034
14559
14524
14669
14693
14471
15024
14716
14546
15138
14706
14988
15057
14990
15017
14939
14770
14636
15082
14798
14809
14915
14895
14738
14918
14562
14870
15372
14542
14682
15008
14546
14874
14951
14903
14970
15347
15045
15086
15031
15055
14872
14963
14621
14847
15073
14505
14589
14899
14866
14875
15130
14925
14780
15132
14763
14874
15050
14916
15192
15228
14980
15054
15132
14783
15056
15291
14819
15024
14972
14901
14594
14574
14610
14625
14702
14672
14684
14854
14645
14294
14750
14281
14445
14914
14482
14824
15030
14453
14538
15019
14720
15095
15032
14314
14523
14655
14646
14469
14992
14728
14922
14949
14947
14583
14708
14817
14338
14858
14418
15001
14873
14667
14522
14834
14739
14819
14762
14638
14877
14833
14494
14463
14549
14637
14650
14845
14523
14397
14858
14665
14773
14965
14666
14759
14675
14602
14764
15026
14425
14609
14828
14723
14694
14737
14731
14484
14520
14521
14467
14792
14803
14629
15155
14738
14705
15160
14726
14775
14783
14473
14420
14789
14568
14805
14967
14707
14732
15061
14675
14679
15246
14687
14649
14750
14435
14668
15030
14714
14912
15160
14734
15047
15105
14799
14623
14967
14888
14807
15046
14730
14640
15166
14834
14721
14975
14859
14883
14931
14841
14648
14844
14806
14764
14779
14943
14951
15123
15002
15011
15065
14739
14762
15410
14793
14722
15011
14654
14741
15076
14671
14768
14939
15009
15150
14905
14528
14805
14861
14834
14980
14853
14832
14672
15087
14785
15295
15072
14647
14410
14949
14433
14480
14814
14800
14835
15098
14829
14630
14917
14721
15120
14723
14804
14626
14778
14653
15063
14802
14731
14830
15362
14878
14983
15015
14482
14598
15025
14539
14839
15129
14612
14881
15107
14755
15170
15255
14758
15017
14859
14913
14991
14854
14657
15135
14917
14936
14927
14743
14477
14373
14576
14555
14668
14653
14560
14557
14830
14721
14985
15336
14702
15021
14768
14520
14661
14749
14682
15154
14932
14382
14546
15078
14678
14647
14848
14520
14512
14848
14380
14585
14825
14609
14661
14998
14543
14911
15129
14620
14614
14640
14349
14694
14867
14598
14597
14978
14630
14589
14835
14950
14655
15169
14413
14235
14991
14701
14489
14994
14891
14653
15004
15112
14837
15037
15031
14967
15248
14563
14722
14981
14632
14564
14969
14886
14841
14861
14797
14564
14806
14426
14392
15077
14778
14855
14980
14469
14707
14934
14662
15091
15064
14482
14720
14825
15483
14508
15246
14594
14860
15239
14955
14926
15255
15064
14562
14683
14513
14716
14800
15574
14860
15153
15048
14766
15172
14864
14644
14762
14571
14684
15005
14942
14470
14860
14654
14710
15029
14689
15081
15019
14529
14662
14938
14727
14674
15040
14614
14769
15239
14738
14986
15186
14998
14947
14789
14672
14437
14981
14668
14679
14831
14804
14702
15468
14886
15149
15017
14994
14577
14658
14751
14718
15027
14578
14871
15311
14559
14816
15091
14919
14904
14818
14532
14653
15292
15006
14705
14839
14670
15108
15437
15119
15095
14954
14499
14901
14988
14698
14554
15280
14652
14699
14922
14916
14827
15108
14558
14501
15058
14917
14927
15433
14950
14797
15274
14971
15142
14939
15118
14950
14847
14787
14576
14784
14455
14454
14939
14474
14463
14820
14598
14524
14818
14489
14350
14630
14702
14524
14902
14586
14938
14981
14835
14864
14822
14784
14687
15788
14512
14223
14829
14646
14424
14940
14444
14620
15216
14762
14795
14514
14708
14542
14588
14750
14524
14835
14714
14642
14758
14717
14881
15249
14913
14451
14551
14554
14655
14994
14455
14568
14761
14752
14847
15179
14955
15028
14755
14614
14441
14832
14666
14872
14833
15336
14761
14790
14540
14463
14729
14342
14647
15017
14632
14813
14661
14472
14786
14950
14983
14859
15107
14885
14663
14595
14601
14606
14802
14678
14571
15259
14874
14879
15163
14659
14874
14747
14680
14601
14982
15079
15014
15056
15150
15011
15157
14844
14901
15310
14574
14906
15218
14500
14848
15111
14582
14857
15387
14627
14973
15202
14954
14554
14824
14846
14690
15246
14858
14967
15056
