14531
17434
16086
14448
14388
14692
14446
14348
14582
14334
14225
14776
14664
14628
14811
14747
14528
14697
14583
14401
14802
14675
14478
14655
14515
14199
14488
14420
14246
15044
14854
14669
14999
14792
14531
14926
14762
14681
14900
14939
14629
14773
14770
14597
14831
14830
14917
15070
14982
14702
15026
14839
14793
15052
14856
14699
14879
14728
14550
14900
14773
14683
14863
14869
14578
14769
14766
14469
14883
14831
14582
14775
14599
14333
14596
14437
14375
14793
14545
14301
14517
14845
14599
14903
14906
14812
14958
14980
14605
14829
14760
14535
14835
14813
14581
14809
14857
14550
15048
14812
14622
14919
14794
14551
14957
14776
14512
14786
14657
14534
14708
14692
14565
14749
14696
14838
14976
14929
14659
14870
14994
14627
14959
14751
14515
14861
14703
14446
14872
14645
14439
14745
14927
14726
14942
14917
14713
15008
14880
14654
14831
14818
14554
14860
14721
14451
14689
14548
14402
14791
14846
14675
14894
14803
14550
14887
14793
14676
14853
14851
14610
14740
14725
14522
14771
14712
14509
15118
15000
14725
15044
14912
14697
15061
14910
14628
14932
14762
14559
14881
14827
14662
14872
14825
14715
14891
14837
14670
14918
14856
14643
14861
14893
14537
14917
14692
14552
14853
14677
14534
14767
14616
14794
15107
14983
14866
15043
15017
14813
15098
14985
14742
14984
14975
14740
14897
14602
14288
14622
14782
14630
15003
14818
14561
14789
14661
14413
14807
14715
14587
14828
14754
14473
14692
14585
14403
15113
15067
14863
15048
14958
14565
14906
14738
14624
14945
14750
14572
14835
14736
14386
14728
14718
14756
15009
14913
14607
14866
14816
14596
14874
14834
14618
14763
14753
14463
14731
14634
14539
14817
14677
14852
15047
14907
14665
14960
14930
14880
15062
15037
14715
14857
14860
14626
14908
14989
14691
14891
15011
14750
15101
14972
14827
15102
14933
14759
15069
14724
14576
14999
14856
14826
15263
14874
14588
14872
14787
14652
14961
14921
14793
14865
14953
14657
14964
14797
14574
14882
14616
14500
14826
14738
14474
14992
14802
14721
14948
14951
14693
14891
14831
14649
14772
14786
14523
14732
14799
14431
14767
14651
14630
15033
14788
14586
14959
14836
14561
14953
14682
14652
14841
14776
14563
14851
14709
14575
14714
15194
14965
15153
15105
14762
15054
14909
14788
15057
15145
14685
15005
14863
14613
14917
14845
14796
15025
15063
14818
14934
14920
14682
14942
14949
14700
14983
14796
14514
14796
14668
14520
14822
14743
14483
14986
14876
14585
14932
14796
14674
14867
14943
14619
14793
14761
14528
14778
14784
14557
14748
14783
14844
15202
15044
14822
15136
14964
14742
15063
14918
14681
15027
14907
14764
15019
14966
14738
14958
15028
14764
15027
14982
14737
15028
14637
14346
14665
14495
14434
14708
14629
14323
14572
14450
14184
14472
14728
14779
14931
14825
14549
14791
14730
14603
14767
14750
14608
14813
14563
14277
14590
14511
14333
14850
14779
14527
14696
14550
14394
14683
14566
14461
14761
14662
14404
14570
14548
14251
14646
14618
14643
14824
14781
14413
14809
14571
14490
14873
14769
14485
14696
14522
14285
14603
14557
14488
14731
14951
14593
14764
14825
14566
14902
14817
14593
14797
14647
14363
14667
14450
14555
14690
14544
14343
14597
14683
14483
14850
14811
14687
14838
14871
14445
14744
14615
14399
14778
14722
14849
14666
14800
14415
15139
15008
14766
15032
14946
14680
15099
14930
14719
14996
14784
14699
14865
14883
14749
14851
14853
14998
15105
15144
14857
14994
15084
14734
15119
14927
14615
14968
14847
14572
14957
14893
14567
14958
14715
14790
14937
14953
14740
14935
14889
14665
14883
14816
14569
14818
14681
14369
14668
14552
14403
14708
14823
14639
14913
14761
14513
14794
14716
14631
14889
14783
14509
14725
14659
14519
14706
14671
14542
14953
14806
14562
14846
14674
14518
14972
14746
14483
14765
14641
14413
14731
14617
14566
14704
14677
14770
14921
14903
14674
14885
14856
14606
14868
14860
14565
14965
14748
14562
14953
14819
14499
14775
14610
14694
14982
14880
14795
14942
14995
14741
14909
14901
14647
14872
14896
14615
14874
14650
14158
14488
14588
14474
14787
14703
14424
14662
14578
14320
14711
14604
14462
14634
14688
14322
14467
14460
14233
15069
15086
15137
15089
14942
14593
14864
14739
14619
14989
14777
14546
14794
14728
14388
14703
14672
14596
14863
14945
14570
14806
14780
14528
14763
14829
14595
14756
14673
14403
14735
14513
14466
14731
14598
14874
15140
14881
14670
15052
15020
15166
15061
15120
14714
14855
15172
14621
15001
14930
14688
15263
15047
14771
15077
14973
14809
15091
14897
14762
14959
14757
14607
14950
15637
14719
14941
14875
14579
14749
15045
14912
15305
15092
14977
15095
15116
14861
15093
14976
14721
15118
14849
14640
15081
14873
14664
15134
14982
14864
15089
15008
14864
15003
15160
14795
14938
14877
14639
14937
14923
14594
14912
14743
14667
14997
15213
14616
15021
14897
14580
14924
15299
14581
14841
14753
14624
14795
14853
14567
14735
15209
14986
15162
15113
14794
15175
14997
14754
15184
14975
14693
15008
14850
14641
14949
14851
14754
14972
15216
14919
15157
15120
14857
15082
15163
14901
15083
14996
14663
14958
14861
14692
14990
14803
14620
14966
14751
14489
14922
14798
14718
14815
14879
14582
14725
14788
14489
14817
14736
14492
14703
14749
14857
15494
14965
14764
15168
14923
14705
15050
14843
14830
14950
14940
14815
14935
14960
14662
14905
15240
14962
15268
15211
14933
15173
14939
14615
14845
14712
14622
14870
14760
14520
14833
14545
14457
14741
14996
14923
15064
14975
14745
14959
14885
14690
15052
14948
14700
14879
14741
14435
14728
14628
14483
15016
14799
14643
14882
14676
14575
14779
14740
14619
14972
14819
14578
14753
14706
14486
14810
14760
14631
14818
14757
14490
14748
14616
14526
14820
14638
14399
14681
14477
14311
14555
14567
14477
14948
14598
14783
14907
14892
14667
15061
14965
14792
14888
14826
14504
14749
14617
14512
14830
14725
14513
14780
14927
15004
15060
14977
14892
15105
15065
14750
14962
14906
14615
14958
14918
14716
15007
15020
14654
15029
14847
14606
14946
14744
14529
14941
14822
14487
14889
14720
14595
14703
14724
14571
14705
14706
15049
15171
15253
14969
15190
15225
14837
15128
14934
14754
15118
15199
14752
15706
14887
14630
15062
14800
14734
14910
14966
