24766
26237
20290
20133
20150
20429
20330
20085
20224
20440
20347
20402
20318
19982
20326
20482
20364
20510
20250
20092
20414
20096
20137
20383
20302
20171
20002
20255
20292
20396
20566
20108
20111
20244
20126
20293
20466
19976
20233
20410
20159
20392
20428
19967
20336
20353
20402
20409
20234
20170
20453
20502
20123
20637
20643
20513
21306
20377
20199
20443
20654
20079
20376
20419
20465
20274
20361
20227
20332
20258
20387
20505
20305
19958
20302
20279
20305
20482
20318
20339
20413
20276
20319
20339
20350
19904
20592
20755
20573
20174
20140
20126
20454
20007
20308
20574
20314
20199
20627
21008
20268
20797
20805
20439
20556
20712
20325
20792
20433
20123
20392
21387
19939
20882
20507
20121
20586
20289
20142
20669
20606
20220
20472
20279
20096
20830
20727
20214
20485
20056
20287
20778
21314
20575
20411
20304
20325
20558
20562
20750
20667
20189
20315
20531
20468
20500
20517
20240
20326
20613
20740
20334
20647
20494
20173
20730
20705
20454
20555
20680
20403
20770
20450
20458
20460
20153
20137
20640
20370
20158
20431
20311
20235
20547
20601
20350
20512
20417
19840
20486
20782
20523
20519
20215
21274
20615
21805
20122
20723
20328
20440
20812
20559
20261
20432
20300
19958
20138
20613
20417
20559
20435
20462
20472
20822
20401
20582
20385
20449
20523
20539
20435
20540
20605
20495
20466
19914
20120
20530
19998
19935
20360
20222
20256
20339
20334
20156
20092
20619
20337
20419
20615
19876
20128
19871
20184
20469
20272
20132
21288
19994
20854
20337
20114
20290
20144
20112
19997
20420
20423
19821
20533
19993
20154
20533
20778
20233
20321
20198
20797
20675
20465
20159
20530
20157
19802
21149
20242
21395
20675
20457
20736
20584
20341
20309
20064
20423
20446
20997
20347
20183
20172
20011
20462
20807
20331
20056
20520
20139
20135
20616
20440
19961
20904
20581
19913
20560
20539
20383
19996
20074
20192
20451
20753
20014
20548
19955
19955
20628
20524
20357
20528
21135
20283
20725
20627
20559
20570
21218
20062
20820
20532
19901
20364
21014
20857
20770
20790
20351
20445
20610
20245
20734
20598
20598
20572
21097
20298
20653
22086
20332
20495
20569
20875
20506
20369
20212
20662
20190
20334
20561
20583
20345
20702
20463
20418
20518
20722
20209
20419
20188
20151
20259
20522
20110
20542
20250
20455
21058
20461
20560
20320
20454
19911
20424
20551
20415
21253
20445
20076
20531
20546
20281
20493
20704
20365
20615
20421
20087
20658
20753
20925
20287
20586
20386
21205
21361
20375
20560
21528
21147
20519
20283
20417
20569
20628
21134
20748
20377
20151
20582
20726
21293
20536
20569
20483
20605
20728
21441
21691
20931
20824
20308
20831
20431
20511
20594
20345
20389
20790
20627
20502
20262
20089
20225
20372
19936
20665
20299
19770
20217
20642
20326
20208
20103
20135
20624
20499
20007
20499
20312
19997
20396
20414
20076
20431
20273
20111
20311
20348
20405
20335
20509
19831
20006
20066
20013
20452
20544
19932
20221
21059
20305
20285
20135
19907
20145
19970
20233
21453
20168
20063
20133
19719
20308
20234
20431
20283
20224
20443
20094
20352
20721
20121
20301
20404
20240
20647
20396
20801
20637
20396
20509
20574
20339
20272
20272
20350
20183
20757
20515
20252
20496
19981
20076
20548
20391
20182
20625
20280
19847
20684
21036
20122
20615
20073
20125
20866
21412
20250
20813
20078
20116
20588
20650
20494
20595
21495
20441
20652
20712
20257
20394
20581
20548
20802
20672
20369
20385
20205
20476
20616
20598
20646
20607
20809
20030
20617
20516
20286
20562
20563
19957
21302
20752
20445
20534
20499
20171
20803
21266
20466
20717
20260
20177
20911
20305
20244
21637
20083
21550
20701
20754
20215
20391
20384
20303
20537
21133
20100
20366
20586
20263
20755
20509
20094
20694
20295
20154
21295
20447
20525
20355
20205
20214
20576
20455
20604
20376
20528
20017
20200
20739
21071
20710
20679
20278
20282
20286
21253
20784
20206
20310
20544
20642
20555
20711
20475
20125
20484
20524
20338
21198
20528
20317
20517
20644
20564
20643
20413
20354
20617
20523
20544
20538
20389
20439
20631
20049
20225
20194
20069
19871
20107
20575
20336
20365
20070
20026
20655
20512
20124
20342
20226
19952
20242
20374
20469
20473
20422
20026
21093
20451
20231
20478
21196
20072
20137
20692
20346
20119
20261
20404
20222
20451
20377
20401
20469
20118
20135
20240
20081
20322
20419
20173
20170
19940
20344
20287
20141
20124
20133
20463
20155
20526
20490
20198
20376
20534
20269
20473
21047
20065
20038
19855
20121
20546
20489
21121
20357
19975
21397
20464
20362
20083
20641
20291
20380
20495
20336
20460
20445
20263
20396
20506
20297
20735
20210
20040
20177
20742
20331
20244
20347
20378
20584
20693
20606
21260
20322
20353
20564
20566
20691
20348
20233
20504
20425
20763
20274
20203
20512
20273
20390
20557
20594
20446
21163
20360
20245
20440
20517
20792
20416
20551
20094
20572
20593
20241
21960
20600
19998
20823
20390
20168
20637
20196
20300
20711
20280
20542
20663
20367
20342
21381
20462
20101
20683
20348
20124
20601
20418
20497
21444
20463
20633
20528
20777
20229
20655
20252
21079
21666
20680
20274
20778
20374
20267
20722
20357
20374
20687
20415
19991
20585
20593
20153
20345
20544
20362
20649
20503
20139
20403
20276
20276
20592
20580
20330
20705
20423
20143
21213
20490
20582
20618
20402
20155
20587
20556
20279
20697
21407
20158
21591
20738
20513
20476
20490
20436
20741
20742
20243
20445
19977
19966
20016
20348
20175
21203
20302
20112
20074
20212
20108
20501
21192
19952
20261
20375
20224
20251
20115
19794
20096
21450
20744
20198
20239
20112
19860
20959
20197
20516
20334
20120
20254
21336
19921
20430
20396
20119
20369
20662
20643
20281
20035
20114
20344
20286
20368
20270
19944
20526
20281
20219
20417
20458
20430
20224
20342
20668
20153
20419
20649
20037
20565
20593
20371
20378
20205
20003
21125
20630
20281
20483
20000
20192
20367
21593
20269
20425
20508
20265
20361
20075
20074
20195
20323
20333
20342
20522
20145
20628
20152
21095
20323
20034
20595
20623
20540
20560
20511
20264
20355
20549
20638
20137
20557
20415
20305
20764
20714
20131
20130
20163
21690
20771
20514
20377
20389
20161
20373
21467
20620
20697
20661
20355
20335
20684
21248
20322
20368
20697
20376
20837
20472
20081
20557
20553
