16934
14683
12366
12364
12429
12237
12339
12278
12215
12336
12249
12533
12525
12222
12701
12302
12969
12462
12382
12265
12668
12372
12535
12830
12625
12596
12526
12327
12206
12395
12307
12284
12382
12154
12362
12443
12558
12379
12667
12383
12243
12635
12147
12334
12716
12582
12434
12684
12279
12392
12574
12516
12816
12661
12366
12475
12381
12449
12464
12454
12414
12360
12481
12473
12466
12743
12383
12187
12850
12551
12326
12682
12281
12498
12655
12376
12491
12538
12873
12437
12430
12560
12426
12333
12364
12307
12588
12233
12316
12787
12378
12580
12552
12727
12298
12651
12442
12499
12825
12872
12772
12671
12862
12633
12627
12988
12633
12439
12341
12324
12685
12303
12484
12643
12416
12556
12587
12604
12434
12945
12626
12580
12514
12632
12718
12762
12818
12530
12857
12734
12895
12451
12608
12307
12461
12194
12551
12820
12523
12544
12802
12586
12434
12631
12413
12637
12496
12709
12699
12513
12781
12579
12741
12798
12703
12879
12922
12702
12878
12475
12331
12485
12198
12418
12783
12293
12498
13013
12521
12600
12704
12687
12500
12530
12597
12669
12774
12573
12708
12839
12921
12679
12776
12755
12600
12686
12476
12439
12762
12310
12377
12747
12594
12660
12688
12795
12714
12642
12906
12582
12849
12852
12834
12910
12915
12694
12827
12580
12480
12854
12643
12497
12817
12596
12539
12838
12152
12158
12515
12258
12505
12509
12484
12347
12419
12595
12496
12520
12716
12509
12759
12256
12322
12700
12360
12397
12840
12235
12152
12624
12093
12184
12537
12396
12373
12553
12298
12476
12324
12490
12374
12807
12670
12630
12821
12514
12363
12680
12232
12346
12683
12553
12904
12612
12081
12391
12138
12574
12330
12669
12623
12648
12238
12607
12513
12538
12885
12312
12543
12712
12217
12730
12476
12259
12885
12364
12603
12837
12475
12310
12440
12505
12351
12336
12457
12360
12286
12518
12296
12309
12692
12491
12565
12521
12409
12508
12478
12477
12782
12633
12580
12780
13114
12698
12765
12671
12318
12456
12338
12404
12643
12668
12621
12793
13512
12379
12822
12503
12438
12916
12617
12662
12755
12475
12625
12906
12717
12759
12572
12800
12562
12666
12888
12567
12611
12479
12609
12601
12343
12521
12529
12664
12272
12611
12402
12421
12731
12689
12331
12881
12487
12613
12578
12766
12677
12743
12854
12495
14164
12371
12210
12469
12424
12457
12593
12286
12485
13115
12353
12258
13612
12373
12610
13080
12318
12411
13254
12655
12771
12940
12866
12690
13018
12872
12484
12324
12696
12508
12777
12486
12593
12528
12327
12473
12838
12645
12565
12920
12375
12640
12825
12625
12690
12637
12848
12692
12941
12844
12689
12706
12885
12256
12771
12286
12546
12537
12398
12534
12648
12432
12586
12929
12165
12400
12331
12456
12655
12353
12676
12579
12565
12591
12398
12394
12719
12536
12837
12045
12164
12505
12099
12235
12645
12130
12476
12674
12173
12222
12316
12692
12584
12467
12609
12290
12377
12364
12473
12588
12958
12546
12583
12629
12382
12524
12604
12087
12463
12226
12380
12424
12296
12417
12641
12496
12583
12725
12673
12657
12479
12599
12381
12639
12602
12376
12862
12389
12562
12549
12522
12548
12597
12408
12447
12743
12475
12259
12507
12345
12535
12844
12470
12667
12563
12535
12392
12309
12651
12577
12648
12419
12258
12750
12639
12343
12756
12668
12356
12506
12727
12378
12635
12482
12621
12550
12571
12652
12773
12641
12787
12786
12847
12374
12661
12844
12699
12712
12720
12665
12694
12693
12714
13238
12536
12466
12567
12669
12567
12593
12527
12462
12694
12546
12612
12581
12544
12273
12811
12494
12648
12970
12479
12437
12930
12654
12460
12901
12453
12782
12603
12406
12328
12432
12615
12600
13066
12407
12348
12645
12558
12452
12525
12705
12809
12579
12354
12407
12672
12444
12505
12929
12646
12626
12643
12687
12582
12398
12499
12581
12578
12562
12305
12632
12673
12536
12628
12348
12493
12816
12304
12259
12929
12616
12591
12685
12532
12538
12841
12851
12609
12918
12957
12383
12791
12864
12373
12436
12722
12732
12873
12515
12331
12634
12602
12663
12876
12491
12588
12862
12400
12217
12479
12335
12608
12539
12517
12388
12593
12177
12268
12260
12366
12316
12741
12101
12075
12410
12087
12311
12502
12182
12278
12732
12338
12586
12566
12431
12620
12485
12671
12675
12610
12458
12303
12521
12267
12294
12317
12034
12293
12577
12152
12127
12650
12490
12155
12509
12407
12394
12443
12308
12406
12681
12761
12558
12404
12621
12634
12510
12808
12611
12420
12519
12261
12577
12413
12035
12732
12632
12420
12554
12343
12421
12556
12566
12561
12593
12749
12413
12605
12384
12596
12503
12808
12783
12777
12452
12089
12568
12135
12011
12452
12450
12419
12558
12321
12768
12717
12482
13046
12773
12652
12729
12770
12788
12580
12700
12884
12528
12711
12572
12861
12996
12757
12222
12684
12601
12285
12737
12592
12723
12725
12662
12513
12581
12643
12714
12540
12829
12628
12637
12559
12371
12637
12529
12875
12878
12499
12459
13001
12266
12426
12585
12373
12343
12581
12513
12614
12880
12492
12357
12647
12728
12364
12506
12837
12620
12801
12475
12485
12939
12602
12474
12999
12669
12720
12834
12172
12581
12629
12329
12657
12657
12711
12429
12639
12467
12676
12685
12841
12580
12621
12540
12309
12977
12605
12603
12722
12694
12589
12711
12817
12489
12762
12580
12364
12601
12836
12669
12713
12659
12546
12786
12796
12657
12944
12485
13160
12844
12482
12426
13286
12735
12486
13005
12527
12473
12503
12318
12376
12224
12533
12321
12372
12470
12450
12388
12410
12254
12645
12305
12157
12619
12353
12330
12760
12313
12369
12491
12383
12515
12567
12820
12652
12481
12564
12436
12371
12198
12351
12437
12290
12265
12570
12349
12280
12617
12081
12078
12917
12378
12411
12740
12452
12404
12587
12761
12815
12709
12922
12533
12463
12502
12338
12293
12506
12119
12702
12429
12074
12677
12401
12249
12812
12304
12334
12617
12194
12552
12477
12375
12772
12665
12504
12479
12681
12538
12689
12484
12555
12383
12458
12772
12195
12460
12054
12056
12568
12457
12380
12788
12381
12497
12655
12891
12531
12965
12791
12818
12625
12704
12812
12690
12842
12156
12536
12418
12467
12664
12410
12537
12627
12466
12545
12655
13606
12754
12728
12520
12550
12532
12904
12592
12651
13111
12485
12636
12689
12487
13036
12627
