23484
24640
19302
18770
18670
19225
19127
18929
18952
19113
18755
19245
19827
19080
19074
19218
18823
19357
19296
18979
19340
18899
19100
19394
18813
18748
19267
18658
18778
19495
18889
19044
19172
18914
18906
18825
19087
18976
19296
19036
19285
18718
19230
18794
19154
19016
18785
19209
18911
19090
19125
18821
19102
19319
19287
19550
19887
19183
18869
19060
19477
19162
19303
19321
18882
19084
19042
19154
19247
18915
18847
19367
19176
19161
19462
18799
18879
19333
18962
19402
19129
19246
18846
19155
19238
19492
19175
19304
18929
19186
19124
19002
19275
19075
18951
19292
18902
19379
19613
19112
19219
19446
19135
18924
19477
19537
19341
19118
19404
19261
19213
19411
19367
19230
19943
18915
19539
19300
19252
19530
19122
19188
19525
19165
19200
19529
19094
19182
19257
19335
19369
19388
19356
19181
19208
19327
19115
19522
19283
18958
19342
19295
19245
19267
18943
19042
19118
19243
19007
19424
19230
19185
19226
19459
19327
19243
19347
19128
19186
19494
19177
19446
19320
18947
19158
19088
19265
19569
19030
19303
19081
19089
19334
19668
19003
19292
19136
19254
19258
19290
19252
19027
19367
19124
19849
19379
19381
19116
19333
18890
19215
19336
19296
19224
19468
19205
19144
19470
19186
19895
19200
19276
19199
19557
19632
19439
19366
19351
19288
19277
19477
19058
19415
19316
19355
19482
19113
19042
18973
18698
19495
19542
19180
18999
18995
19073
18988
18811
19370
19052
19194
19025
18998
18754
19018
18974
19414
19043
18743
19170
19198
18868
19058
18753
18973
19001
19213
19113
19110
19126
18992
19022
19250
19202
19216
18978
18960
18811
19295
19280
19365
19131
19016
19117
18944
19210
19142
18828
19116
19112
18977
19389
19041
19269
18953
19142
19020
19155
19215
19292
18917
19208
18856
19141
19687
18938
19027
19080
18814
19185
19173
19222
19132
19386
18831
19032
19279
19152
19009
19135
19012
19097
19262
19462
19182
18916
18907
18831
19460
19052
18925
19162
19662
19156
19387
19109
19109
19217
19227
19243
19459
19353
19436
19259
19202
20401
22259
26019
31342
34977
37419
19293
18925
19529
19436
19026
19534
19317
19024
19428
19633
19187
19476
19214
19053
19307
19400
19347
19186
19402
19062
19210
19438
19171
19469
19359
18841
19726
19571
19287
19447
19214
18782
19289
19432
19048
19217
19277
19242
19195
19659
19330
19228
19455
19288
19040
19329
19350
19151
19185
18920
19128
19755
19313
19485
19268
19074
19391
19668
19053
19538
19525
19262
19187
19133
19358
19458
19516
19241
19091
20298
19134
19129
19321
19173
19291
19444
19285
19451
19446
19174
20168
19323
19361
19635
19461
19298
19435
19392
19545
19311
19594
19491
19243
19199
19285
19516
19572
19314
19253
20258
18910
19126
19395
18767
18993
19259
19019
19461
19166
18815
18934
19182
18744
19163
19509
19208
19068
19015
18788
19264
19817
19092
19103
19367
18684
19591
19428
18982
19252
19107
18709
19000
19287
19131
19113
18949
18969
19088
19477
19102
19232
19238
19023
18798
19194
19480
19370
19347
18835
19066
19394
19053
19295
19497
18867
19110
19364
19075
19227
19287
18833
19158
19548
19124
19235
19300
19111
19126
19231
18986
19259
19236
19114
18960
19302
18913
19420
19349
18889
19332
19348
19263
19029
19361
18959
19079
19117
19134
19455
19263
18930
19196
19217
18881
19434
19498
19294
20054
19551
19124
19392
19591
19255
19207
19378
19040
19658
19392
19380
19133
19479
19050
19535
19604
19392
19166
19558
19031
19621
19493
19229
19498
19560
19146
19118
19559
19220
19572
19326
19324
19084
19594
19390
19438
19430
19254
19020
19626
19382
19192
19270
18870
19075
19608
19224
19501
19402
18842
19243
19477
19198
19545
19558
19155
19051
19377
19354
19708
19256
19255
19248
19040
19293
19357
19503
19213
19427
19148
19337
19453
19383
19100
19344
19360
19159
19336
19330
19050
19025
19326
19365
19709
19558
19054
19139
19112
19425
19393
19319
19008
19460
19157
19098
19495
19600
19231
19459
19561
19109
19694
19593
20158
19225
19406
18944
19514
19418
20124
20101
19347
19101
19568
19354
19054
19457
19640
18901
19364
19170
18762
19121
19172
18708
19222
19281
19120
18962
19264
18815
19004
19241
19106
19249
18986
18897
18772
19443
18881
19214
19355
18968
18872
19321
19027
19387
19291
19008
19194
19399
19120
19166
19316
18914
19036
19202
19263
19107
19079
18885
19149
19005
19194
19423
19407
19003
19183
19169
19150
19182
19475
19169
19119
19128
19319
19955
19446
19016
19225
19438
19377
19431
19355
18910
19049
19228
18850
20103
19306
19144
19118
19063
18597
19749
19503
19052
19371
19210
18873
19290
19189
18926
19352
19932
19052
19464
19397
19079
18903
19157
19033
19323
19478
19053
19502
19317
19063
19615
19550
19167
19575
19425
19382
19373
19426
19417
19410
19420
19235
19229
20145
19488
19478
19532
18905
19306
19469
19148
19511
19432
19042
19408
19726
19015
19551
19231
19122
19001
19706
19434
19112
19501
19313
18992
19115
19507
19281
19486
19127
19230
19187
19159
19343
19352
18903
19296
19421
19117
19614
19239
19011
19260
19171
19189
19503
19394
19147
19248
19369
19196
19158
19490
19022
19189
19398
19068
19388
19519
19179
19139
19188
18850
19370
19622
19455
19139
19387
18917
19438
19548
19091
19165
19428
19144
19374
19523
18974
19284
19434
18854
19809
19341
19275
19450
19332
19150
19666
19615
19202
19413
19509
19293
19395
19437
19446
19362
19576
19168
19078
19733
19806
19506
19409
19255
18933
19176
19055
19253
19365
19016
18993
19402
19530
19204
19246
19056
18831
19476
19058
19009
19063
19018
19025
18860
19195
19433
19462
18870
19877
19028
19101
19325
19227
18858
19278
18967
19002
19228
19012
19117
18941
19319
19301
19302
19345
19089
19240
18984
19200
19477
19160
18799
19015
18971
18856
19376
19514
19002
19414
19128
19073
19411
19106
19163
19330
19129
19121
19267
19510
19204
18921
19218
19020
19551
19542
19045
19074
19275
18693
19253
19321
19089
19126
19396
19028
19173
19194
18951
19141
19155
19232
18984
19356
19235
19154
19445
18775
19285
19444
18895
19579
19603
18921
19194
19713
19520
19386
19492
19342
19260
19726
19425
19554
19505
19142
19240
20162
19540
19287
19569
18966
19437
19102
19046
19288
19560
19176
19447
19161
19103
19328
19351
19830
19308
19410
19194
19433
19256
19261
19062
